00:00:03	0	15	0	
00:00:04	0	32	0	
00:00:05	0	49		48
00:00:06	0	67		6
00:00:07	0	83		84
00:00:08	0	102	0	102
00:00:09	0	121	0	121
00:00:10	0	140		
00:00:11	0	159		158
00:00:12	0	178	2	477
00:00:13	0	197		
00:00:14	0	216		
00:00:15		235		294
00:00:16	0	253		253
00:00:17	0	272	0	272
00:00:18	0	291	0	291
00:00:19	0	310	0	310
00:00:20	0	329		
00:00:21	0	347	1	7
00:00:22		366		368
00:00:23	1	387	1	387
00:00:24	1	406		408
00:00:25		426		476
00:00:26	1	446		445
00:00:27	1	466	1	466
00:00:28	1	487	1	487
00:00:29	1	507	1	507
00:00:30	2	528	2	528
00:00:31	2	549	2	549
00:00:32	2	571	2	571
00:00:33	2	593	2	592
00:00:34	2	614	2	613
00:00:35	2	636	2	635
00:00:36	3	659	3	658
00:00:37	3	681	3	680
00:00:38	3	704		703
00:00:39	3	726		725
00:00:40	3	747		747
00:00:41	4	769	4	766
00:00:42	4	790	4	789
00:00:43	4	810	4	809
00:00:44	4	830	4	820
00:00:45	4	849	4	849
00:00:46	5	869	5	868
00:00:47	5	888	5	887
00:00:48	5	907		906
00:00:49	5	925	5	924
00:00:50	6	944	6	943
00:00:51	6	962	6	962
00:00:52	6	980	6	979
00:00:53	7	997	7	996
00:00:54	7	1013	7	1012
00:00:55	7	1028	7	1028
00:00:56	7	1044	7	1043
00:00:57	8	1060	8	1060
00:00:58	8	1077	8	1077
00:00:59	8	1094	8	1093
00:01:00	8	1113	9	1112
00:01:01	9	1131	9	1131
00:01:02	9	1151		1150
00:01:03	9	1171	9	1170
00:01:04	10	1192	10	1192
00:01:05	10	1213	10	1212
00:01:06	10	1234	10	1234
00:01:07	11	1256	11	1256
00:01:08	11	1279	11	1278
00:01:09	11	1302	11	1301
00:01:10	12	1325	12	1325
00:01:11	12	1350	12	1349
00:01:12	12	1374	12	1374
00:01:13	13	1400	13	1399
00:01:14	13	1427	13	1426
00:01:15	14	1452	14	1452
00:01:16	14	1480	14	1480
00:01:17	14	1506	14	1506
00:01:18	15	1535	15	1534
00:01:19	15	1563		1563
00:01:20	16	1593	16	1592
00:01:21	16	1624	16	1623
00:01:22	16	1655	16	1655
00:01:23	17	1688		1687
00:01:24	17	1719	4	1719
00:01:25	18	1753		752
00:01:26	18	1787		1786
00:01:27	19	1820		1819
00:01:28	19	1856	19	1855
00:01:29	19	1892	19	1891
00:01:30	20	1929	20	1928
00:01:31	20	1967	20	1966
00:01:32	21	2005	21	2004
00:01:33	21	2044	21	2044
00:01:34	22	2084	22	2083
00:01:35	22	2125	22	2124
00:01:36	23	2166	23	2165
00:01:37	23	2207	23	2206
00:01:38	24	2251	24	2250
00:01:39	24	2294	25	2293
00:01:40	25	2339		2338
00:01:41	26	2383	26	2382
00:01:42	26	2429	26	2428
00:01:43	27	2475	27	2472
00:01:44	27	2521	27	2520
00:01:45	28	2568	28	2567
00:01:46	28	2616	28	2616
00:01:47	29	2664	29	2663
00:01:48	30	2713	30	2712
00:01:49	30	2761	30	2760
00:01:50	31	2813	31	2817
00:01:51	31	2863	31	2862
00:01:52	32	2915	32	2914
00:01:53	33	2966	33	2965
00:01:54	33	3017	33	3015
00:01:55	34	3068	34	3066
00:01:56	35	3119	34	3113
00:01:57	35	3171	35	3170
00:01:58	36	3223	36	3222
00:01:59	37	3274	37	3273
00:02:00	37	3328	37	3327
00:02:01	38	3379	38	3377
00:02:02	39	3431	39	3420
00:02:03	39	3484	39	3483
00:02:04	40	3537	40	3536
00:02:05	41	3591	41	3550
00:02:06	41	3645	41	3644
00:02:07	42	3698	42	3697
00:02:08	43	3752	43	3751
00:02:09	44	3807	44	3806
00:02:10	44	3860	44	3859
00:02:11	45	3914	45	3913
00:02:12	46	3967	46	3966
00:02:13	46	4024	46	4022
00:02:14	47	4079	47	4077
00:02:15	48	4134	48	4133
00:02:16	49	4190	49	4188
00:02:17	49	4245	49	4244
00:02:18	50	4301	50	4299
00:02:19	51	4357	51	4355
00:02:20	52	4412	52	4410
00:02:21	53	4467	53	4466
00:02:22	53	4523	53	4522
00:02:23	54	4579	54	4578
00:02:24	55	4635	55	4633
00:02:25	56	4691	56	4689
00:02:26	56	4748	56	4746
00:02:27	57	4804	57	4803
00:02:28	58	4861	58	4861
00:02:29	59	4921	59	4920
00:02:30	60	4978	60	4976
00:02:31	60	5036	60	5035
00:02:32	61	5093	61	5092
00:02:33	62	5151	62	5150
00:02:34	63	5210	63	5208
00:02:35	63	5260	63	5260
00:02:36	64	5275	64	5275
00:02:37	65	5265	65	5265
00:02:38	66	5252	66	5252
00:02:39	67	5239	67	5239
00:02:39	67	5226	67	5227
00:02:39	68	5203	68	5222
00:02:42	69	5187	69	5224
00:02:43	69	5184	70	5231
00:02:44	70	5178	70	5245
00:02:45	71	5169	71	5260
00:02:46	71	5167	72	5276
00:02:47	72	5175	72	5292
00:02:48	73	5163	73	5308
00:02:49	74	5134	74	5325
00:02:50	74	5078	75	5342
00:02:51	75	5006	75	5359
00:02:52	76	4899	76	5377
00:02:53	76	4772	77	5394
00:02:54	77	4628	77	5412
00:02:55	78	4478	78	5431
00:02:56	78	4325	79	5449
00:02:57	79	4170	79	5467
00:02:58	80	4016	80	5486
00:02:59	80	3861	81	5505
00:03:00	81	3708	81	5524
00:03:01	82	3556	82	5543
00:03:02	82	3401	83	5563
00:03:03	83	3253	83	5583
00:03:04	83	3102	84	5604
00:03:05	84	2951	85	5624
00:03:06	84	2802	85	5645
00:03:07	85	2655	86	5666
00:03:08	85	2506	86	5687
00:03:09	86	2357	87	5709
00:03:10	86	2211	88	5731
00:03:11	87	2069	88	5753
00:03:12	87	1930	89	5775
00:03:13	88	1801	90	5798
00:03:14	88	1679	90	5820
00:03:15	88	1571	91	5843
00:03:16	89	1473	91	5867
00:03:17	89	1391	92	5890
00:03:18	89	1321	93	5914
00:03:19	90	1267	93	5937
00:03:20	90	1230	94	5961
00:03:21	90	1209	94	5986
00:03:22	91	1203	95	6010
00:03:23	91	1212	95	6035
00:03:24	91	1233	96	6060
00:03:25	92	1269	97	6085
00:03:26	92	1316	97	6110
00:03:27	92	1377	98	6136
00:03:28	93	1448	98	6162
00:03:29	93	1530	99	6188
00:03:30	93	1620	99	6214
00:03:31	93	1711	100	6240
00:03:32	93	1742	100	6267
00:03:33	94	1756	101	6294
00:03:34	94	1769	101	6321
00:03:35	94	1784	102	6348
00:03:36	94	1799	103	6376
00:03:37	94	1816	103	6404
00:03:38	95	1834	104	6432
00:03:39	95	1853	104	6460
00:03:40	95	1873	105	6488
00:03:41	95	1894	105	6516
00:03:42	95	1899	106	6546
00:03:43	95	1893	106	6575
00:03:44	95	1886	107	6604
00:03:45	95	1880	107	6634
00:03:46	96	1875	108	6664
00:03:47	96	1870	108	6694
00:03:48	96	1865	108	6724
00:03:49	96	1861	109	6755
00:03:50	96	1858	109	6785
00:03:51	96	1856	110	6816
00:03:52	96	1854	110	6848
00:03:53	96	1853	111	6879
00:03:54	96	1853	111	6910
00:03:55	96	1852	112	6943
00:03:56	96	1853	112	6975
00:03:57	96	1854	113	7007
00:03:58	96	1856	113	7040
00:03:59	96	1858	114	7073
00:04:00	96	1861	114	7106
00:04:01	96	1864	114	7139
00:04:02	96	1869	115	7172
00:04:03	96	1873	115	7206
00:04:04	95	1879	116	7240
00:04:05	95	1885	116	7274
00:04:06	95	1891	116	7308
00:04:07	95	1899	117	7343
00:04:08	95	1906	117	7377
00:04:09	95	1915	118	7412
00:04:10	95	1924	118	7447
00:04:11	95	1933	118	7483
00:04:12	94	1943	119	7518
00:04:13	94	1954	119	7554
00:04:14	94	1965	120	7589
00:04:15	94	1977	120	7626
00:04:16	94	1989	120	7662
00:04:17	93	2002	121	7699
00:04:18	93	2015	121	7735
00:04:19	93	2029	121	7773
00:04:20	93	2044	122	7810
00:04:21	93	2059	122	7848
00:04:22	92	2075	123	7886
00:04:23	92	2091	123	7924
00:04:24	92	2106	123	7962
00:04:25	91	2123	124	8001
00:04:26	91	2139	124	8039
00:04:27	91	2157	124	8078
00:04:28	91	2175	125	8117
00:04:29	90	2194	125	8158
00:04:30	90	2213	125	8198
00:04:31	90	2231	126	8238
00:04:32	89	2250	126	8279
00:04:33	89	2270	126	8319
00:04:34	88	2290	127	8360
00:04:35	88	2310	127	8401
00:04:36	88	2330	127	8443
00:04:37	87	2351	127	8484
00:04:38	87	2372	128	8525
00:04:39	86	2393	128	8568
00:04:40	86	2415	128	8611
00:04:41	86	2437	129	8653
00:04:42	85	2459	129	8696
00:04:43	85	2481	129	8739
00:04:44	84	2504	130	8782
00:04:45	84	2527	130	8826
00:04:46	83	2551	130	8869
00:04:47	83	2574	130	8912
00:04:48	82	2598	131	8957
00:04:49	82	2622	131	9001
00:04:50	81	2646	131	9046
00:04:51	81	2670	131	9090
00:04:52	80	2695	132	9136
00:04:53	80	2720	132	9182
00:04:54	79	2745	132	9228
00:04:55	78	2770	132	9274
00:04:56	78	2796	133	9321
00:04:57	77	2821	133	9367
00:04:58	77	2847	133	9414
00:04:59	76	2874	133	9462
00:05:00	76	2900	134	9510
00:05:01	75	2926	134	9557
00:05:02	74	2952	134	9606
00:05:03	74	2979	134	9654
00:05:04	73	3006	135	9702
00:05:05	72	3033	135	9751
00:05:06	72	3060	135	9800
00:05:07	71	3087	135	9849
00:05:08	70	3115	135	9899
00:05:09	70	3142	136	9948
00:05:10	69	3169	136	9999
00:05:11	68	3197	136	10050
00:05:12	67	3225	136	10100
00:05:13	67	3253	136	10151
00:05:14	66	3281	137	10202
00:05:15	65	3310	137	10254
00:05:16	64	3338	137	10306
00:05:17	64	3366	137	10358
00:05:18	63	3395	137	10410
00:05:19	62	3424	138	10463
00:05:20	61	3452	138	10514
00:05:21	60	3481	138	10568
00:05:22	60	3510	138	10620
00:05:23	59	3539	138	10674
00:05:24	58	3568	138	10728
00:05:25	57	3598	139	10782
00:05:26	56	3627	139	10837
00:05:27	56	3657	139	10892
00:05:28	55	3686	139	10947
00:05:29	54	3716	139	11003
00:05:30	53	3745	139	11058
00:05:31	52	3775	139	11115
00:05:32	51	3804	140	11171
00:05:33	50	3834	140	11228
00:05:34	49	3863	140	11285
00:05:35	48	3894	140	11343
00:05:36	47	3925	140	11402
00:05:37	46	3954	140	11461
00:05:38	45	3984	140	11519
00:05:39	44	4013	141	11578
00:05:40	43	4043	141	11638
00:05:41	42	4072	141	11698
00:05:42	41	4100	141	11758
00:05:43	40	4129	141	11818
00:05:44	39	4157	141	11878
00:05:45	38	4185	141	11939
00:05:46	37	4213	141	12000
00:05:47	36	4240	141	12062
00:05:48	35	4266	142	12124
00:05:49	34	4290	142	12186
00:05:50	33	4313	142	12249
00:05:51	32	4336	142	12318
00:05:52	31	4353	142	12377
00:05:53	30	4369	142	12441
00:05:54	28	4382	142	12505
00:05:55	27	4391	142	12569
00:05:56	26	4395	142	12634
00:05:57	25	4393	142	12699
00:05:58	24	4385	142	12766
00:05:59	23	4368	143	12832
00:06:00	22	4342	143	12899
00:06:01	21	4305	143	12967
00:06:02	20	4255	143	13035
00:06:03	19	4189	143	13103
00:06:04	17	4106	143	13171
00:06:05	16	4001	143	13240
00:06:06	15	3878	143	13309
00:06:07	14	3742	143	13378
00:06:08	13	3594	143	13449
00:06:09	13	3436	143	13519
00:06:10	12	3269	143	13592
00:06:11	11	3102	143	13664
00:06:12	10	2937	143	13736
00:06:13		2778	143	13808
00:06:14	9	2625	143	13881
00:06:15	8	2482	144	13954
00:06:16	7	2347	144	14027
00:06:17	7	2223	144	14099
00:06:18	6	2105	144	14175
00:06:19	6	1998	144	14250
00:06:20	5	1900	144	14326
00:06:21	5	1810	144	14403
00:06:22	4	1727	144	14479
00:06:23	4	1649	144	14557
00:06:24	3	1573	144	14636
00:06:25	3	1503	144	14714
00:06:26	3	1442	144	14792
00:06:27	2	1389	144	14867
00:06:28	2	1341	144	14948
00:06:29	2	1300	144	15029
00:06:30	1	1264	144	15110
00:06:31	1	1209	144	15191
00:06:32	1	1093	144	15272
00:06:33	1	934	144	15355
00:06:34	0	745	144	15439
00:06:35	0	561	144	15522
00:06:36	0	380	144	15607
00:06:37	0	249	144	15690
00:06:38	0	222	144	15774
00:06:39	0	210	144	15865
00:06:40	0	192	144	15951
00:06:41	0	175	144	16038
00:06:42	0	159	144	16129
00:06:43	0	144	144	16216
00:06:44		127	144	16309
00:06:45	0	110	144	16398
00:06:46	0		144	16489
00:06:47	0	77	144	16581
00:06:48	0	62	144	16672
00:06:49	0	49	144	16763
00:06:50		35	144	16857
00:06:51	0	20	144	16952
00:06:52	0	12	144	17046
00:06:53	0	9	144	17141
00:06:54	0	4	144	17237
00:06:55	0	3	144	17334
00:06:56	0	1	144	17432
00:06:57	0	0	144	17530
00:06:58	0	1	144	17629
00:06:59	0	0	144	17730
00:07:00	0	0	144	17827
00:07:01	0	0	144	17927
00:07:02	0	0	144	18028
00:07:03	0	0	144	18132
00:07:04	0	0	144	18236
00:07:05	0	0	144	18340
00:07:06	0	0	144	18444
00:07:07	0	0	144	18551
00:07:08		0	144	18656
00:07:09		0	144	18764
00:07:10			144	18871
00:07:11			144	18981
00:07:12			144	19094
00:07:13			144	19204
00:07:14			144	19317
00:07:15			145	19430
00:07:16			145	19545
00:07:17	0	0	145	19660
00:07:18	0	0	145	19774
00:07:19	0	0	145	19890
00:07:20	0	0	145	20005
00:07:21	0	0	145	20127
00:07:22	0	0	145	20245
00:07:23	0	0	145	20365
00:07:24		0	145	20490
00:07:25		0	145	20616
00:07:26	0	0	145	20740
00:07:27	0	0	145	20863
00:07:28	0	0	145	20984
00:07:29	0	0	145	21105
00:07:30	0	0	145	21235
00:07:31			145	21356
00:07:32	0	0	145	21479
00:07:33	0		145	21604
00:07:34	0	0	145	21725
00:07:35	0	0	145	21848
00:07:36	0	0	145	21973
00:07:37	0		145	22097
00:07:38	0	0	145	22220
00:07:39	0	0	145	22344
00:07:40	0		145	22470
00:07:41		0	145	22592
00:07:42		0	145	22716
00:07:43		0	145	22839
00:07:44			145	22964
00:07:45	0		145	23087
00:07:46	0	0	146	23211
00:07:47		0	146	23338
00:07:48	0	0	146	23463
00:07:49	0	0	146	23586
00:07:50	0	0	146	23711
00:07:51	0		146	23835
00:07:52	0	0	146	23960
00:07:53		0	146	24084
00:07:54	0		146	24210
00:07:55	0		146	24335
00:07:56	0		146	24459
00:07:57		0	146	24583
00:07:58	0	0	146	24707
00:07:59	0	0	146	24824
00:08:00		0	147	24891
00:08:01			147	24946
00:08:02	0	0	147	25001
00:08:03	0	0	147	25057
00:08:04	0	0	147	25113
00:08:05	0	0	147	25173
00:08:06	0	0	147	25225
00:08:07	0		147	25280
00:08:08	0	0	147	25336
00:08:09	0	0	147	25393
00:08:10	0	0	147	25450
00:08:11	0	0	148	25507
00:08:12		0	148	25565
00:08:13		0	148	25623
00:08:14	0		148	25681
00:08:15		0	148	25739
00:08:16			148	25797
00:08:17			148	25856
00:08:18			148	25914
00:08:19	0	0	148	25975
00:08:20	9	0	149	26035
00:08:21		0	149	26094
00:08:22	0	0		26154
00:08:23	0		149	26215
00:08:24	0	0	149	26275
00:08:25				26335
00:08:26	0	0	149	26396
00:08:27	0	0	149	26457
00:08:28		20	149	26498
00:08:29		5	150	26502
00:08:30			150	26502
00:08:31			150	26502
00:08:32			150	26501
00:08:33			150	26501
00:08:34			150	26500
00:08:35			150	26500
00:08:36			150	26500
00:08:37	0		151	26499
00:08:38			151	26499
00:08:39			154	26498
00:08:40			154	26498
00:08:41			151	26497
00:08:42			151	26497
00:08:43	0		151	26496
00:08:44			151	26496
00:08:45			152	26496
00:08:46			152	26495
00:08:47			152	26494
00:08:48			152	26494
00:08:49			152	26494
00:08:50		0	152	26493
00:08:51			152	26493
00:08:52			152	26492
00:08:53			153	26492
00:08:54			153	26491
00:08:55			153	26491
00:08:56			153	26490
00:08:57		0	153	26490
00:08:58			153	26489
00:08:59			153	26489
00:09:00			153	26488
00:09:01			153	26488
00:09:02		0	154	26488
00:09:03			154	26487
00:09:04	0		154	26486
00:09:05			154	26486
00:09:06			154	26485
00:09:07			154	26485
00:09:08			154	26485
00:09:09		4	154	26484
00:09:10		0	155	26484
00:09:11			155	26483
00:09:12	0	0	155	26483
00:09:13	0	0	155	26482
00:09:14		0	155	26482
00:09:15		0	155	26481
00:09:16	0	0	155	26481
00:09:17	0	0	155	26480
00:09:18	0	0	155	26480
00:09:19	0	0	156	26479
00:09:20		0	156	26479
00:09:21		0	156	26478
00:09:22	0	0	156	26478
00:09:23	0	0	156	26477
00:09:24		0	156	26477
00:09:25		0	156	26476
00:09:26		0	156	26476
00:09:27		0	157	26475
00:09:28	0	0	157	26475
00:09:29	0	0	157	26474
00:09:30	0	0	157	26474
00:09:31	0	0	157	26473
00:09:32	0	0	157	26473
00:09:33	0	0	157	26472
00:09:34		0	157	26472
00:09:35		0	157	26471
00:09:36	0	0	158	26471
00:09:37	0	0	158	26470
00:09:38	0	0	158	26470
00:09:39	0	0	158	26469
00:09:40	0	0	158	26469
00:09:41	0	0	158	26468
00:09:42		0	158	26468
00:09:43		0	158	26467
00:09:44	0	0	159	26467
00:09:45	0	0	159	26466
00:09:46		0	159	26466
00:09:47		0	159	26465
00:09:48	0	0	159	26465
00:09:49	0	0	159	26464
00:09:50		0	159	26464
00:09:51		0	159	26463
00:09:52		0	159	26463
00:09:53		0	160	26462
00:09:54	0	0	160	26462
00:09:55	0	0	160	26461
00:09:56	0	0	160	26461
00:09:57	0	0	160	26460
00:09:58	0	0	160	26460
00:09:59	0	0	160	26459
00:10:00	0	0	160	26459
00:10:01	0	0	161	26458
00:10:02			161	26458
00:10:03		2	161	26457
00:10:04	0		161	26457
00:10:05			161	
00:10:06	0	2	161	26456
00:10:07	0		161	26455
00:10:08			161	26455
00:10:09			161	26454
00:10:10			162	26454
00:10:11			162	26453
00:10:12			162	26453
00:10:13			162	26453
00:10:14			162	26452
00:10:15			162	26451
00:10:16			162	26451
00:10:17			162	26451
00:10:18			162	26450
00:10:19	0		163	26450
00:10:20	0		163	26449
00:10:21	0		163	26449
00:10:22		2	163	26448
00:10:23			163	26448
00:10:24	0	0	163	26447
00:10:25		0	163	26447
00:10:26	0	0	163	26446
00:10:27		0	163	26446
00:10:28		0	164	26445
00:10:29		0	164	26445
00:10:30		0	164	26444
00:10:31			164	26444
00:10:32	0		164	26443
00:10:33		0	164	26443
00:10:34		0	164	26442
00:10:35		0	164	26442
00:10:36	0		164	26441
00:10:37		0	165	26441
00:10:38			165	26440
00:10:39			165	26440
400:10:40			165	26439
400:10:41			165	26439
00:10:42			165	26438
00:10:43			165	26438
00:10:44			165	26437
00:10:45			165	26437
00:10:46			166	26436
00:10:47			166	26436
00:10:48			166	26435
00:10:49			166	26435
00:10:50			166	26434
00:10:51			166	26434
00:10:52			166	26434
00:10:53			166	26433
00:10:54			166	26433
00:10:55			167	26432
00:10:56			167	26432
00:10:57	0	0	167	26431
00:10:58	0	0	167	26431
00:10:59	0	0	167	26430
00:11:00	0	0	167	26430
00:11:01	0	0	167	26429
00:11:02	0	0	167	26429
00:11:03	0	0	167	26428
00:11:04	0	0	168	26428
00:11:05	0	0	168	26427
00:11:06	0	0	168	26427
00:11:07	0		168	26426
00:11:08	0	0	168	26426
00:11:09	0	0	168	26426
00:11:10	0	0	168	26425
00:11:11	0	0	168	26425
00:11:12	0	0	168	26424
00:11:13	0	0	168	26423
00:11:14	0	0	169	26423
00:11:15	0	0	169	26423
00:11:16	0	0	169	26422
00:11:17	0	0	169	26422
00:11:18	0	0	169	26421
00:11:19	0	0	169	26421
00:11:20		0	169	26420
00:11:21	0	0	169	26420
00:11:22		0	169	26419
00:11:23	0	0	170	26419
00:11:24	0	0	170	26418
00:11:25	0	0	170	26418
00:11:26	0	0	170	26417
00:11:27	0	0	170	26417
00:11:28	0	0	170	26416
00:11:29	0	0	170	26416
00:11:30	0	0	170	26415
00:11:31	0	0	170	26415
00:11:32		0	171	26415
00:11:33		0	171	26414
00:11:34	0	0	171	26414
00:11:35	0	0	171	26413
00:11:36	0	0	171	26413
00:11:37	0	0	171	26412
00:11:38	0	0	171	26412
00:11:39	0	0	171	26411
00:11:40	0	0	171	26411
00:11:41	0	0	171	26410
00:11:42	0	0	172	26410
00:11:43	0	0	172	26409
00:11:44		0	172	26409
00:11:45	0	0	172	26408
00:11:46	0		172	26408
00:11:47	0	0	172	26408
00:11:48	0	0	172	26407
00:11:49	0	0	172	26407
00:11:50	0	0	172	26406
00:11:51		0	172	26406
00:11:52	0	0	173	26405
00:11:53	0	0	175	26405
00:11:54	0	0	173	26404
00:11:55	0	0	173	26404
00:11:56	0	0		26404
00:11:57	0	0	173	26403
00:11:58			173	26402
00:11:59	0	0	173	26402
00:12:00	0		173	26402
00:12:01	0	0	174	26401
00:12:02	0	0	174	26401
00:12:03	0	0	174	26400
00:12:04	0	0	174	26400
00:12:05	0	0	174	26399
00:12:06		0	174	26399
00:12:07		0	174	26399
00:12:08	0	0	174	26398
00:12:09	0	0	174	26398
00:12:10	0	0	174	26397
00:12:11	0	0	175	26397
00:12:12	0	0	175	26396
00:12:13	0	0	175	26396
00:12:14		0	175	26395
00:12:15		0	175	26395
00:12:16	0	0	175	26394
00:12:17	0	0	175	26394
00:12:18	0	0	175	26393
00:12:19	0	0	175	26393
00:12:20		0	175	26393
00:12:21		0	176	26392
00:12:22	0	0	176	26392
00:12:23	0	0	176	26391
00:12:24	0	0	176	26391
00:12:25	0	0	176	26391
00:12:26		0	176	26390
00:12:27		0	176	26389
00:12:28	0	0	176	26389
00:12:29	0	0	176	26388
00:12:30	0	0	176	26388
00:12:31	0	0	177	26388
00:12:32	0	0	177	26387
00:12:33	0	0	177	26387
00:12:34	0	0	177	26386
00:12:35	0	0	177	26386
00:12:36	0	0	177	26385
00:12:37	0	0	177	26385
00:12:38		0	177	26384
00:12:39		0	177	26384
00:12:40		0	177	26384
00:12:41		0	178	26383
00:12:42		0	178	26383
00:12:43		0	178	26382
00:12:44	0	0	178	26382
00:12:45	0	0	178	26382
00:12:46	0	0	178	26381
00:12:47	0	0	178	26380
00:12:48	0	0	178	26380
00:12:49	0	0	178	26380
00:12:50	0	0	178	26379
00:12:51	0	0	178	26379
00:12:52	0	0	179	26379
00:12:53	0	0	179	26378
00:12:54	0	0	179	26378
00:12:55	0	0	179	26377
00:12:56	0	0	179	26377
00:12:57	0	0	179	26376
00:12:58	0	0	179	26376
00:12:59	0	0	179	26375
00:13:00	0	0	179	26375
00:13:01	0	0	179	26374
00:13:02	0	0	180	26374
00:13:03	0	0	180	26373
00:13:04		0	180	26373
00:13:05		0	180	26373
00:13:06	0	0	180	26372
00:13:07	0	0	180	26372
00:13:08	0	0	180	26371
00:13:09	0	0	180	26371
00:13:10		0	180	26371
00:13:11		0	180	26370
00:13:12	0	0	180	26370
00:13:13	0	0	181	26369
00:13:14		0	181	26369
00:13:15		0	181	26368
00:13:16	0	0	181	26368
00:13:17	0	0	181	26368
00:13:18	0	0	181	26367
00:13:19	0	0	181	26367
00:13:20		0	181	26366
00:13:21		0	181	26366
00:13:22		0	181	26365
00:13:23		0	181	26365
00:13:24	0	0	182	26365
00:13:25	0	0	182	26364
00:13:26	0	0	182	26364
00:13:27	0	0	182	26363
00:13:28	0	0	182	26363
00:13:29	0	0	182	26363
00:13:30	0	0	182	26362
00:13:31	0	0	182	26362
00:13:32	0	0	182	26361
00:13:33	0	0	182	26361
00:13:34		0	182	26361
00:13:35		0	183	26360
00:13:36	0	0	183	26360
00:13:37	0	0	183	26359
00:13:38	0	0	183	26359
00:13:39	0	0	183	26358
00:13:40		0	183	26358
00:13:41		0	183	26357
00:13:42		0	183	26357
00:13:43		0	183	26357
00:13:44		0	183	26356
00:13:45		0	183	26356
00:13:46	0	0	184	26355
00:13:47	0	0	184	26355
00:13:48		0	184	26355
00:13:49		0	184	26354
00:13:50	0	0	184	26354
00:13:51	0	0	184	26354
00:13:52	0	0	184	26353
00:13:53	0	0	184	26353
00:13:54	0	0	184	26352
00:13:55	0	0	184	26352
00:13:56	0	0	184	26352
00:13:57	0	0	185	26351
00:13:58		0	185	26351
00:13:59		0	185	26350
00:14:00	0	0	185	26350
00:14:01	0	0	185	26349
00:14:02	0	0	185	26349
00:14:03	0	0	185	26349
00:14:04	0	0	185	26348
00:14:05			185	26348
00:14:06		0	185	26347
00:14:07		0	185	26347
00:14:08			186	26346
00:14:09			186	26346
00:14:10			186	26346
00:14:11		0	186	26345
00:14:12			186	26345
00:14:13			186	26345
00:14:16			186	26344
00:14:15			186	26344
00:14:16		0	186	26343
00:14:17			186	26343
00:14:18			186	26343
00:14:19			186	26342
00:14:20			187	26342
00:14:27			187	26341
00:14:22			187	26341
00:14:23			187	26341
00:14:24		0	187	26340
00:14:25		0	187	26340
00:14:26			187	26340
00:14:27			187	26339
00:14:28			187	26339
00:14:29			187	26338
00:14:30			187	26338
00:14:31		0	187	26337
00:14:32			188	26337
00:14:33			188	26337
00:14:34			188	26336
00:14:35			188	26336
00:14:36			188	26335
00:14:37	0	0	188	26335
00:14:38	0	0	188	26335
00:14:39	0	0	188	26334
00:14:40		0	188	26334
00:14:41		0	188	26334
00:14:42	0	0	188	26333
00:14:43	0	0	188	26333
00:14:44	0	0	189	26332
00:14:45	0	0	189	26332
00:14:46	0	0	189	26332
00:14:47	0	0	189	26331
00:14:48	0	0	189	26331
00:14:49	0	0	189	26331
00:14:50	0	0	189	26330
00:14:51	0	0	189	26330
00:14:52	0	0	189	26329
00:14:53	0	0	189	26329
00:14:54		0	189	26329
00:14:55		0	189	26328
00:14:56	0	0	190	26328
00:14:57	0	0	190	26328
00:14:58		0	190	26327
00:14:59		0	190	26327
00:15:00	0	0	190	26326
00:15:01	0	0	190	26326
00:15:02	0	0	190	26326
00:15:03	0	0	190	26325
00:15:04	0	0	190	26325
00:15:05	0	0	190	26325
00:15:06	0	0	190	26324
00:15:07	0	0	190	26324
00:15:08	0	0	190	26324
00:15:09	0	0	191	26323
00:15:10	0	0	191	26323
00:15:11	0	0	191	26323
00:15:12		0	191	26322
00:15:13		0	191	26321
00:15:14		0	191	26321
00:15:15		0	191	26321
00:15:16	0	0	191	26321
00:15:17	0	0	191	26320
00:15:18		0	191	26320
00:15:19		0	191	26319
00:15:20		0	191	26319
00:15:21		0	192	26319
00:15:22		0	192	26318
00:15:23		0	192	26318
00:15:24			192	26317
00:15:25			192	26317
00:15:26			192	26317
00:15:27			192	26317
00:15:28			192	26316
00:15:29		0	192	26316
00:15:30		0	192	26315
00:15:31		2	192	26315
00:15:32			192	26315
00:15:33			192	26314
00:15:34			193	26314
00:15:35			193	26314
00:15:36		0	193	26313
00:15:37		0	193	26313
00:15:38			193	26313
00:15:39			193	26312
00:15:40			193	26312
00:15:41	0		193	26311
00:15:42			193	26312
00:15:43			193	26311
00:15:44		0	193	26311
00:15:45			193	26310
00:15:46		0	193	26310
00:15:47	0	0	193	26310
00:15:48	0	0	194	26310
00:15:49	0	0	194	26309
00:15:50	0	0	194	26308
00:15:51	0	0	194	26308
00:15:52	0	0	194	26308
00:15:53	0	0	194	26307
00:15:54	0	0	194	26307
00:15:55	0	0	194	26307
00:15:56	0	0	194	26307
00:15:57	0	0	194	26306
00:15:58	0	0	194	26306
00:15:59	0	0	194	26305
00:16:00	0	0	194	26305
00:16:01	0	0	195	26305
00:16:02	0	0	195	26304
00:16:03	0	0	195	26304
00:16:04	0	0	195	26304
00:16:05	0	0	195	26303
00:16:06	0	0	195	26303
00:16:07	0	0	195	26303
00:16:08			195	26302
00:16:09			195	26302
00:16:10			195	26302
00:16:11			195	26301
00:15:12			195	26301
00:16:13	0		195	26301
00:16:14	3	8	195	26300
00:16:15			196	26300
00:16:16	0		196	26300
00:16:17	0		196	26299
00:16:18			196	26299
00:16:19			196	26299
00:16:20			196	26298
00:16:21			196	26298
00:16:22			196	26298
00:16:23	5		196	26297
00:16:24			196	26297
00:16:25			196	26297
00:16:26			196	26297
00:16:27			196	26296
00:16:28			196	26296
00:16:29			196	26296
00:16:30			197	26295
00:16:31			197	26295
00:16:32			197	26295
00:16:33			197	26294
00:16:34			197	26294
00:16:35			197	26294
00:16:36		2	197	26293
00:16:37			197	26293
00:16:38			197	26293
00:16:39			197	26292
00:16:40	0		197	26292
00:16:41			197	26292
00:16:42			197	26291
00:16:43			197	26291
00:16:42			198	26291
00:16:45			198	26290
00:16:46			198	26290
00:16:47			198	26290
00:16:48			198	26290
00:16:49			198	26289
00:16:50	8		198	26289
00:16:5			198	26289
00:16:5:	2		198	26288
00:16:53			198	26288
00:16:54			198	26288
00:16:5			198	26287
00:16:56			198	26287
00:16:57	0	0	198	26287
00:16:58	0		198	26287
00:16:59	0	0	198	26286
00:17:00	2	0	199	26286
00:17:01	0	0	199	26285
00:17:02	0	0	199	26285
00:17:03	0	0	199	26285
00:17:04	0	0	199	26285
00:17:05	0	0	199	26284
00:17:06	0	0	199	26284
00:17:07	0	0	199	26284
00:17:08		0	199	26283
00:17:09		0	199	26283
00:17:10	0	0	199	26283
00:17:11		0	199	26283
00:17:12	0	0	199	26282
00:17:13	0	0	199	26282
00:17:14	0		199	26282
00:17:15	0	0	200	26281
00:17:16	0	0	200	26281
00:17:17	0	0	200	26281
00:17:18	0	0	200	26281
00:17:19	0	0	200	26280
00:17:20	0	0	200	26280
00:17:21		0	200	26280
00:17:22		0	200	26280
00:17:23		0	200	26279
00:17:24	0	0	200	26279
00:17:25	0	0	200	26279
00:17:26	0		200	26279
00:17:27	0	0	200	26278
00:17:28	0	0	200	26278
00:17:29	0	0	200	26277
00:17:30		0	200	26277
00:17:31		0	200	26277
00:17:32		0	201	26277
00:17:33	0	0	201	26277
00:17:34	0	0	201	26276
00:17:35	0		201	26276
00:17:36	0	0	201	26276
00:17:37	0	0	201	26275
00:17:38	0	0	201	26275
00:17:39	0	0	201	26275
00:17:40	0	0	201	26275
00:17:41	0	0	201	26274
00:17:42	0	0	201	26274
00:17:43	0	0	201	26274
00:17:44	0		201	26273
00:17:45			201	26273
00:17:46			201	26273
00:17:47			201	26273
00:17:48			201	26272
00:17:49			202	26272
00:17:50			202	26272
00:17:51			202	26272
00:17:52			202	26271
00:17:53			202	26271
00:17:54			202	26271
00:17:55			202	26271
00:17:56			202	26270
00:17:57			202	26270
00:17:58			202	26270
00:17:59			202	26269
00:18:00			202	26269
00:18:01			202	26269
00:18:02			202	26269
00:18:03			202	26269
00:18:04			202	26268
00:18:05:			202	26268
00:18:06			202	26268
00:18:07:			203	26268
00:18:08:		0	203	26267
00:18:09:		0	203	26267
00:18:10:			203	26267
00:18:14			203	26267
00:18:12	0	0	203	26266
00:18:13	0	0	203	26266
00:18:14		0	203	26266
00:18:15	0	0	203	26266
00:18:16	0	0	203	26265
00:18:17	0	0	203	26265
00:18:18	0	0	203	26265
00:18:19	0	0	203	26265
00:18:20		0	203	26264
00:18:21	0	0	203	26264
00:18:22	0	0	203	26264
00:18:23	0	0	203	26264
00:18:24	0	0	203	26264
00:18:25		0	203	26263
00:18:26	0	0	204	26263
00:18:27	0	0	204	26263
00:18:28	0	0	204	26263
00:18:29	0	0	204	26262
00:18:30	0	0	204	26262
00:18:31	0	0	204	26262
00:18:32	0	0	204	26262
00:18:33	0	0	204	26261
00:18:34	0	0	204	26261
00:18:35	0	0	204	26261
00:18:36	0	0	204	26261
00:18:37	0	0	204	26261
00:18:38	0	0	204	26260
00:18:39	0	0	204	26260
00:18:40	0	0	204	26260
00:18:41	0	0	204	26259
00:18:42	0	0	204	26259
00:18:43		0	204	26259
00:18:44		0	204	26259
00:18:45		0	204	26259
00:18:46	0	0	205	26258
00:18:47	0	0	205	26258
00:18:48	0	0	205	26258
00:18:49	0	0	205	26258
00:18:50	0	0	205	26258
00:18:51		0	205	26257
00:18:52		0	205	26257
00:18:53	0	0	205	26257
00:18:54	0	0	205	26257
00:18:55	0	0	205	26256
00:18:56	0	0	205	26256
00:18:57	0		205	26256
00:18:58	0	0	205	26256
00:18:59	0	0	205	26256
00:19:00	0	0	205	26255
00:19:01	0	0	205	26255
00:19:02	0	0	205	26255
00:19:03	0	0	205	26255
00:19:04		0	205	26255
00:19:05	0	0	205	26254
00:19:06	0	0	205	26254
00:19:07	0	0	206	26254
00:19:08	0	0	206	26254
00:19:09	0	0	206	26253
00:19:10	0	0	206	26253
00:19:11	0	0	206	26253
00:19:12	0	0	206	26253
00:19:13	0	0	206	26253
00:19:14	0	0	206	26252
00:19:15	0	0	206	26252
00:19:16	0	0	206	26252
00:19:17	0	0	206	26252
00:19:18			206	26252
00:19:19	0	0	206	26252
00:19:20	0	0	206	26251
00:19:21	0	0	206	26251
00:19:22	0	0	206	26251
00:19:23	0	0	206	26251
00:19:24	0	0	206	26251
00:19:25	0	0	206	26250
00:19:26	0	0	206	26250
00:19:27		0	206	26250
00:19:28	0	0	206	26250
00:19:29	0	0	206	26249
00:19:30	0	0	207	26249
00:19:31	0	0	207	26249
00:19:32		0	207	26249
00:19:33		0	207	26249
00:19:34	0	0	207	26248
00:19:35	0	0	207	26248
00:19:36	0	0	207	26248
00:19:37	0	0	207	26248
00:19:38	0	0	207	26248
00:19:39	0	0	207	26247
00:19:40	0	0	207	26247
00:19:41		0	207	26247
00:19:42	0	0	207	26247
00:19:43	0	0	207	26247
00:19:44		0	207	26247
00:19:45	0		207	26246
00:19:46	0	0	207	26246
00:19:47	0	0	207	26246
00:19:48	0	0	207	26246
00:19:49	0	0	207	26246
00:19:50	0	0	207	26245
00:19:51	0	1	207	26245
00:19:52		1	207	26245
00:19:53		1	207	26245
00:19:54	0	1	207	26245
00:19:55	0	1	208	26245
00:19:56	0	0	208	26244
00:19:57	0	0	208	26244
00:19:58	0	0	208	26244
00:19:59	0	0	208	26244
00:20:00	0	0	208	26244
00:20:01	0	0	208	26244
00:20:02	0	0	208	26243
00:20:03	0	0	208	26243
00:20:04	0	0	208	26243
00:20:05	0	0	208	26243
00:20:06	0	0	208	26243
00:20:07	0	0	208	26242
00:20:08	0	0	208	26242
00:20:09	0	0	208	26242
00:20:10	0	0	208	26242
00:20:11	0	0	208	26242
00:20:12	0	0	208	26242
00:20:13	0	0	208	26241
00:20:14	0	0	208	26241
00:20:15	0	0	208	26241
00:20:16	0	0	208	26241
00:20:17	0	0	208	26241
00:20:18	0	0	208	26241
00:20:19	0	0	208	26241
00:20:20	0	0	208	26240
00:20:21	0	0	208	26240
00:20:22		0	208	26240
00:20:23	0	0	209	26240
00:20:24	0	0	209	26240
00:20:25	0		209	26240
00:20:26	0	0	209	26239
00:20:27	0	0	209	26239
00:20:28	0	0	209	26239
00:20:29	0	0	209	26239
00:20:30	0	0	209	26239
00:20:31	0	0	209	26239
00:20:32	0	0	209	26238
00:20:33	0	0	209	26238
00:20:34		0	209	26238
00:20:35	0	0	209	26238
00:20:36	0	0	209	26238
00:20:37	0	0	209	26238
00:20:38	0	0	209	26237
00:20:39	0	0	209	26237
00:20:40	0	0	209	26237
00:20:41	0	0	209	26237
00:20:42	0	0	209	26237
00:20:43	0	0	209	26237
00:20:44	0	0	209	26237
00:20:45	0	0	209	26237
00:20:46	0	0	209	26236
00:20:47	0	0	209	26236
00:20:48		0	209	26236
00:20:49	0	0	209	26236
00:20:50	0	0	209	26236
00:20:51	0	0	209	26236
00:20:52	0	0	209	26236
00:20:53	0	0	209	26235
00:20:54	0	0	210	26235
00:20:55	0	0	210	26235
00:20:56	0	0	210	26235
00:20:57	0	0	210	26235
00:20:58	0	0	210	26235
00:20:59	0	0	210	26235
00:21:00	0	0	210	26235
00:21:01	0	0	210	26234
00:21:02	0	0	210	26234
00:21:03	0	0	210	26234
00:21:04	0	0	210	26234
00:21:05	0	0	210	26234
00:21:06	0	0	210	26234
00:21:07	0	0	210	26234
00:21:08	0	0	210	26233
00:21:09	0	0	210	26233
00:21:10	0	0	210	26233
00:21:11	0	0	210	26233
00:21:12	0	0	210	26233
00:21:13	0	0	210	26233
00:21:14		0	210	26233
00:21:15		0	210	26233
00:21:16	0	0	210	26232
00:21:17	0	0	210	26232
00:21:18	0	0	210	26232
00:21:19	0	0	210	26232
00:21:20	0	0	210	26232
00:21:21	0	0	210	26232
00:21:22	0	0	210	26232
00:21:23	0	0	210	26232
00:21:24	0	0	210	26231
00:21:25	0	0	210	26231
00:21:26	0	0	210	26231
00:21:27	0	0	210	26231
00:21:28	0	0	210	26231
00:21:29	0	0	210	26231
00:21:30	0	0	210	26231
00:21:31	0	0	210	26231
00:21:32	0	0	211	26231
00:21:33	0	0	211	26231
00:21:34	0	0	211	26230
00:21:35	0	0	211	26230
00:21:36	0	0	211	26230
00:21:37	0	0	211	26230
00:21:38		0	211	26230
00:21:39		0	211	26230
00:21:40	0	0	211	26230
00:21:41	0	0	211	26230
00:21:42	0	0	211	26229
00:21:43	0	0	211	26229
00:21:44	0	0	211	26229
00:21:45	0	0	211	26229
00:21:46	0	0	211	26229
00:21:47	0	0	211	26229
00:21:48		0	211	26229
00:21:49		0	211	26229
00:21:50	0	0	211	26229
00:21:51	0	0	211	26229
00:21:52	0	0	211	26229
00:21:53	0	0	211	26228
00:21:54	0	0	211	26228
00:21:55	0	0	211	26228
00:21:56		0	211	26228
00:21:57		0	211	26228
00:21:58		0	211	26228
00:21:59	0	0	211	26228
00:22:00	0	0	211	26228
00:22:01	0	0	211	26228
00:22:02	0	0	211	26228
00:22:03	0	0	211	26228
00:22:04	0	0	211	26227
00:22:05	0	0	211	26227
00:22:06	0	0	211	26227
00:22:07	0	0	211	26227
00:22:08	0	0	211	26227
00:22:09	0	0	211	26227
00:22:10	0	0	211	26227
00:22:11	0	0	211	26227
00:22:12		0	211	26227
00:22:13		0	211	26227
00:22:14	0	0	211	26227
00:22:15	0	0	211	26227
00:22:16	0	0	211	26227
00:22:17	0	0	211	26226
00:22:18		0	211	26226
00:22:19		0	211	26226
00:22:20	0	0	211	26226
00:22:21	0	0	211	26226
00:22:22		0	211	26226
00:22:23	0	0	211	26226
00:22:24	0	0	212	26226
00:22:25	0	0	212	26226
00:22:26	0	0	212	26226
00:22:27	0		212	26226
00:22:28	0	0	212	26226
00:22:29	0	0	212	26225
00:22:30	0	0	212	26225
00:22:31	0	0	212	26225
00:22:32	0	0	212	26225
00:22:33	0	0	212	26225
00:22:34	0		212	26225
00:22:35	0	0	212	26225
00:22:36	0	0	212	26225
00:22:37	0	0	212	26225
00:22:38	0	0	212	26225
00:22:39	0	0	212	26225
00:22:40	0	0	212	26225
00:22:41		0	212	26225
00:22:42	0	0	212	26225
00:22:43	0	0	212	26225
00:22:44	0	0	212	26224
00:22:45	0	0	212	26224
00:22:46	0	0	212	26224
00:22:47	0	0	212	26224
00:22:48	0	0	212	26224
00:22:49	0	0	212	26224
00:22:50	0	0	212	26224
00:22:51	0		212	26224
00:22:52	0	0	212	26224
00:22:53	0	0	212	26224
00:22:54	0	0	212	26224
00:22:55	0	0	212	26224
00:22:56	0	0	212	26224
00:22:57	0	0	212	26224
00:22:58	0	0	212	26224
00:22:59	0	0	212	26224
00:23:00	0	0	212	26224
00:23:01	0	0	212	26224
00:23:02		0	212	26224
00:23:03	0	0	212	26224
00:23:04		0	212	26223
00:23:05	0	0	212	26223
00:23:06	0	0	212	26223
00:23:07		0	212	26223
00:23:08	0	0	212	26223
00:23:09	0	0	212	26223
00:23:10	0	0	212	26223
00:23:11	0	0	212	26223
00:23:12	0	0	212	26223
00:23:13	0		212	26223
00:23:14	0	0	212	26223
00:23:15	0	0	212	26223
00:23:16	0	0	212	26223
00:23:17	0	0	212	26223
00:23:18	0	0	212	26223
00:23:19	0	0	212	26223
00:23:20	0	0	212	26223
00:23:21	0	0	212	26223
00:23:22	0	0	212	26223
00:23:23	0	0	212	26223
00:23:24	0	0	212	26223
00:23:25			212	26223
00:23:26			212	26222
00:23:27			212	26222
00:23:28			212	26222
00:23:29			212	26222
00:23:30			212	26223
00:23:37			212	26222
00:23:37	8		212	26222
00:23:3	5		212	26222
00:23:34			212	26222
00:23:35	5		212	26222
00:23:36			212	26222
00:23:37			212	26222
00:23:3			212	26222
00:23:3			212	26222
00:23:4			212	26222
00:23:41			212	26222
00:23:47			212	26222
00:23:4			212	26222
00:23:42			212	26222
00:23:4			212	26222
00:23:46			212	26222
00:23:47			212	26222
00:23:48			212	26222
00:23:49			212	26222
00:23:5			212	26222
00:23:51			212	26222
00:23:52			212	26222
00:23:53			212	26222
00:23:52			212	26222
00:23:55			212	26222
00:23:5			212	26222
00:23:57			212	26222
00:23:58			212	26222
00:23:59			212	26222
00:24:00			212	26222
00:24:01			212	26222
00:24:02			212	26222
00:24:03			212	26222
00:24:04			212	26222
00:24:05			212	26222
00:24:0			212	26222
00:24:0			212	26222
00:24:08			212	26222
00:24:05			212	26222
00:24:1			212	26222
00:24:11			212	26222
00:24:12			212	26222
00:24:13			212	26222
00:24:14			212	26222
00:24:15			212	26222
00:24:16			212	26222
00:24:17			212	26222
00:24:18	0	0	212	26222
00:24:19	0	0	212	26222
00:24:20	0	0	212	26222
00:24:21	0	0		26222
00:24:22	0	0		26222
00:24:23		0		26222
00:24:24	0	0		26222
00:24:25	0	0		26222
00:24:26	0	0		26222
00:24:27	0	0	212	26222
00:24:28		0	212	26222
00:24:29	0	0	212	26222
00:24:30	0	0		26222
00:24:31	0	0		26222
00:24:32	0	0		26222
00:24:33	0	0		26222
00:24:34	0	0		26222
00:24:35	0	0		26222
00:24:36	0	0		26222
00:24:37	0	0		26222
00:24:38	0	0	212	26222
00:24:39	0	0		26222
00:24:40	0	0		26222
00:24:41			212	26222
00:24:42			212	26222
00:24:43			212	26222
00:24:44			212	26222
00:24745			212	26223
00:24:46			212	26223
00:24:47			212	26223
00:24:48			212	26223
00:24:49			212	26223
00:24:50			212	26223
00:24:51			212	26223
00:24:52			212	26223
00:24:53			212	26223
00:24:54			212	26223
00:24:55			212	26223
00:24:56			212	26223
00:24:57			212	26223
00:24:58			212	26223
00:24:59			212	26223
00:25:00		0	212	26223
00:25:01			212	26223
00:25:02			212	26223
00:25:03			212	26223
00:25:02			212	26223
00:25:05			212	26223
00:25:06		0	212	26223
00:25:07			212	26223
00:25:08			212	26223
00:25:09			212	26223
00:25:10			212	26224
00:25:11			212	26223
00:25:12		0	212	26224
00:25:12			212	26224
00:25:14		0	212	26224
00:25:15		0	212	26224
00:25:16			212	26224
00:25:17			212	26224
00:25:18			212	26224
00:25:19	0	0	212	26224
00:25:20	0	0	212	26224
00:25:21	0	0	212	26224
00:25:22		0	212	26224
00:25:23	0	0	212	26224
00:25:24	0	0	212	26224
00:25:25	0	0	212	26224
00:25:26	0		212	26224
00:25:27	0		212	26224
00:25:28	0	0	212	26224
00:25:29	0	0	212	26224
00:25:30		0	212	26224
00:25:31	0	0	212	26224
00:25:32	0		212	26224
00:25:33	0	0	212	26224
00:25:34	0	0	212	26224
00:25:35	0		212	26224
00:25:36		0	212	26224
00:25:37	0	0	212	26224
00:25:38	0	0	212	26224
00:25:39	0		212	26224
00:25:40		0	211	26224
00:25:41	0	0	211	26224
00:25:42			211	26224
00:25:43	0	0	211	26224
00:25:44	0	0	211	26224
00:25:45	0		211	26224
00:25:46	0		211	26224
00:25:47	0		211	26224
00:25:48	0		211	26224
00:25:49	0		211	26224
00:25:50	0		211	26224
00:25:51	0		211	26224
00:25:52	0	0	211	26226
00:25:53	0	20	211	26226
00:25:54	29	00	211	26226
00:25:55	0	0	211	26226
00:25:56	0	20	211	26226
00:25:57	0	0	211	26226
00:25:58	0	0	211	26226
00:25:59	0	0	211	26226
00:26:00	0	0	211	26227
00:26:01	0	0	211	26227
00:26:02	0	0	211	26227
00:26:03	0	6	211	26227
00:26:04	0	0	211	26227
00:26:05	0		211	26227
00:26:06	0	50	211	26227
00:26:07	0	16	211	26227
00:26:08	0	0	211	26227
00:26:09	0	0	211	26227
00:26:10	0	0	211	26227
00:26:11	0		211	26228
00:26:12	0		211	26228
00:26:13	0	0	211	26228
00:26:14	0	0	211	26228
00:26:15	0	0	211	26228
00:26:16	0	0	211	26228
00:26:17	0	0	211	26228
00:26:18	0	0		26228
00:26:19	0	0		26228
00:26:20	0	0		26228
00:26:21	0	0		26228
00:26:22	0	0		26229
00:26:23	0	0		26229
00:26:24	0	0		26229
00:26:25	0	0		26229
00:26:26	0	0		26229
00:26:27		0	211	26229
00:26:28	0	0	211	26229
00:26:29	0	0	211	26229
00:26:30	0	0	211	26229
00:26:31	0	0	211	26230
00:26:32	0	0	210	26229
00:26:33	0	0	210	26230
00:26:34	0	0	210	26230
00:26:35	0	0	210	26230
00:26:36	0	0	210	26230
00:26:37	0	0	210	26230
00:26:38	0	0	210	26230
00:26:39	0	0	210	26230
00:26:40	0	0	210	26230
00:26:41	0	0	210	26231
00:26:42	0	0	210	26231
00:26:43	0	0	210	26231
00:26:44	0	0	210	26231
00:26:45	0	0	210	26231
00:26:46	0	0	210	26231
00:26:47	0	0	210	26231
00:26:48	0	0	210	26231
00:26:49	0	0	210	26231
00:26:50	0	0	210	26232
00:26:51	0	0	210	26232
00:26:52	0	0	210	26232
00:26:53	0	0	210	26232
00:26:54	0	0	210	26232
00:26:55	0	0	210	26232
00:26:56	0	0	210	26232
00:26:57	0	0	210	26232
00:26:58	0	0	210	26232
00:26:59	0	0	210	26233
00:27:00	0	0	210	26233
00:27:01	0	0	210	26233
00:27:02	0	0	210	26233
00:27:03	0	0	210	26233
00:27:04	0	0	210	26233
00:27:05	0	0	210	26233
00:27:06	0	0	210	26233
00:27:07	0	0	210	26233
00:27:08	0	0	210	26234
00:27:09	0	0	210	26234
00:27:10	0	0	209	26234
00:27:11	0	0	209	26234
00:27:12	0	0	209	26234
00:27:13	0	0	209	26234
00:27:14	0	0	209	26235
00:27:15	0	0	209	26235
00:27:16	0	0	209	26235
00:27:17	0	0	209	26235
00:27:18	0	0	209	26235
00:27:19	0	0	209	26235
00:27:20	0	0	209	26235
00:27:21	0	0	209	26235
00:27:22	0	0	209	26236
00:27:23	0	0	209	26236
00:27:24	0	0	209	26236
00:27:25	0	0	209	26236
00:27:26	0	0	209	26236
00:27:27	0	0	209	26236
00:27:28	0	0	209	26237
00:27:29	0	0	209	26237
00:27:30	0	0	209	26237
00:27:31	0	0	209	26237
00:27:32	0	0	209	26237
00:27:33	0	0	209	26237
00:27:34	0	0	209	26237
00:27:35	0	0	209	26237
00:27:36	0	0	209	26238
00:27:37	0	0	209	26238
00:27:38	0	0	209	26238
00:27:39	0	0	209	26238
00:27:40	0	0	209	26238
00:27:41		0	208	26238
00:27:42		0	208	26239
00:27:43	0	0	208	26239
00:27:44	0	0	208	26239
00:27:45	0	0	208	26239
00:27:46	0	0	208	26239
00:27:47	0	0	208	26239
00:27:48	0	0	208	26240
00:27:49	0	0	208	26240
00:27:50	0	0	208	26240
00:27:51	0	0	208	26240
00:27:52		0	208	26240
00:27:53		0	208	26240
00:27:54	0	0	208	26240
00:27:55	0	0	208	26241
00:27:56	0	0	208	26241
00:27:57	0	0	208	26241
00:27:58	0	0	208	26241
00:27:59	0	0	208	26241
00:28:00	0	0	208	26241
00:28:01	0	0	208	26241
00:28:02	0	0	208	26242
00:28:03	0	0	208	26242
00:28:04	0		208	26242
00:28:05	0	0	208	26242
00:28:06	0	0	208	26242
00:28:07	0	0	208	26242
00:28:08	0	0	208	26243
00:28:09	0	0	207	26243
00:28:10	0	0	207	26243
00:28:11	0	0	207	26243
00:28:12	0	0	207	26243
00:28:13	0	0	207	26243
00:28:14	0	0	207	26244
00:28:15	0	0	207	26244
00:28:16		0	207	26244
00:28:17	0	0	207	26244
00:28:18			207	26244
00:28:19			207	26245
00:28:20			207	26245
00:28:21			207	26245
00:28:22			207	26245
00:28:23			207	26245
00:28:24			207	26245
00:28:25			207	26246
00:28:26			207	26246
00:28:27			207	26246
00:28:28			207	26246
00:28:29			207	26246
00:28:30			207	26247
00:28:31			207	26247
00:28:32			207	26247
00:28:33			207	26247
00:28:34		9	206	26247
00:28:35	0	0	206	26247
00:28:36	0	0	206	26248
00:28:37	0		206	26248
00:28:38	0	0	206	26248
00:28:39	0	0	206	26248
00:28:40	0	0	206	26249
00:28:41	0	0	206	26249
00:28:42	0	0	206	26249
00:28:43	0	0	206	26249
00:28:44	0	0	206	26249
00:28:45	0	0	206	26249
00:28:46	0	0	206	26250
00:28:47	0	0	206	26250
00:28:48	0	0	206	26250
00:28:49	0	0	206	26250
00:28:50	0	0	206	26250
00:28:51	0	0	206	26251
00:28:52	0	0	206	26251
00:28:53	0	0	206	26251
00:28:54	0	0	206	26251
00:28:55	0	0	206	26251
00:28:56	0	0	206	26252
00:28:57	0	0	205	26252
00:28:58	0	0	205	26252
00:28:59	0	0	205	26252
00:29:00	0	0	205	26253
00:29:01	0	0	205	26253
00:29:02	0	0	205	26253
00:29:03	0	0	205	26253
00:29:04		0	205	26253
00:29:05		0	205	26253
00:29:06	0	0	205	26254
00:29:07			205	26254
00:29:08	0	0	205	26254
00:29:09	0	0	205	26254
00:29:10	0	0	205	26255
00:29:11	0	0	205	26255
00:29:12	0	0	205	26255
00:29:13	0	0	205	26255
00:29:14	0	0	205	26255
00:29:15	0	0	205	26256
00:29:16	0	0	205	26256
00:29:17	0	0	205	26256
00:29:18			204	26256
00:29:19	0		204	26257
00:29:20			204	26257
00:29:21			204	26257
00:29:22	0		204	26257
00:29:23			204	26257
00:29:24			204	26258
00:29:25			204	26258
00:29:26			204	26258
00:29:27			204	26258
00:29:28			204	26258
00:29:29			204	26259
00:29:30	0		204	26259
00:29:31	0		204	26259
00:29:32			204	26259
00:29:33			204	26260
00:29:34			204	26260
00:29:35			204	26260
00:29:36			204	26260
00:29:37			204	26261
00:29:38			203	26261
00:29:39			203	26261
00:29:40			203	26261
00:29:41			203	26261
00:29:42			203	26262
00:29:43			203	26262
00:29:44			203	26262
00:29:45			203	26262
00:29:46	8		203	26263
00:29:46			203	26263
00:29:47			203	26263
00:29:49			203	26263
00:29:50			203	26264
00:29:51			203	26264
00:29:52			203	26264
00:29:53			203	26264
00:29:54			203	26265
00:29:55			203	26265
00:29:56			203	26265
00:29:57			202	26265
00:29:58			202	26265
00:29:59			202	26266
00:30:00	0		202	26266
00:30:01			202	26266
00:30:02			202	26267
00:30:03			202	26267
00:30:04			202	26267
00:30:05			202	26267
00:30:06	0		202	26268
00:30:07			202	26268
00:30:08			202	26268
00:30:09			202	26268
00:30:10			202	26269
00:30:11			202	26269
00:30:12			202	26269
00:30:13	0		202	26269
00:30:14			202	26269
00:30:15			201	26270
00:30:16			201	26270
00:30:17			201	26270
00:30:18			201	26270
00:30:19			201	26271
00:30:20			201	26271
00:30:21			201	26271
00:30:22			201	26272
00:30:23	0		201	26272
00:30:24			201	26272
00:30:25			201	26272
00:30:26		2	201	26273
00:30:27			201	26273
00:30:28		2	201	26273
00:30:29			201	26274
00:30:30			201	26274
00:30:31			201	26274
00:30:32			201	26274
00:30:33			200	26274
00:30:34			200	26275
00:30:35			200	26275
00:30:36			200	26275
00:30:37			200	26276
00:30:38			200	26276
00:30:39			200	26276
00:30:40			200	26276
00:30:41			200	26277
00:30:42			200	26277
00:30:43			200	26277
00:30:44			200	26278
00:30:45	0		200	26278
00:30:46			200	26278
00:30:47			200	26278
00:30:48			200	26279
00:30:49			199	26279
00:30:50			199	26279
00:30:51			199	26279
00:30:52			199	26280
00:30:53			199	26280
00:30:54			199	26280
00:30:55			199	26280
00:30:56			199	26281
00:30:57			199	26281
00:30:58			199	26281
00:30:59	0		199	26282
00:31:00	0	0	199	26282
00:31:01	0	0	199	26282
00:31:02	0	0	199	26283
00:31:03	0	0	199	26283
00:31:04	0	0	199	26283
00:31:05		0	198	26283
00:31:06	0	0	198	26284
00:31:07	0	0	198	26284
00:31:08	0	0	198	26284
00:31:09	0	0	198	26284
00:31:10	0	0	198	26285
00:31:11		0	198	26285
00:31:12	0		198	26285
00:31:13	0	0	198	26286
00:31:14	0	0	198	26286
00:31:15	0	0	198	26286
00:31:16	0	0	198	26287
00:31:17	0	0	198	26287
00:31:18	0	0	198	26287
00:31:19		0	198	26287
00:31:20	0	0	197	26288
00:31:21	0	0	197	26288
00:31:22	0	0	197	26288
00:31:23	0	0	197	26289
00:31:24	0	0	197	26289
00:31:25	0	0	197	26289
00:31:26	0	0	197	26290
00:31:27	0	0	197	26290
00:31:28	0	0	197	26290
00:31:29	0	0	197	26291
00:31:30	0	0	197	26291
00:31:31	0	0	197	26291
00:31:32	0	0	197	26291
00:31:33	0	0	197	26292
00:31:34	0	0	197	26292
00:31:35	0	0	196	26292
00:31:36	0	0	196	26293
00:31:37	0	0	196	26293
00:31:38	0	0	196	26293
00:31:39	0	0	196	26294
00:31:40	0	0	196	26294
00:31:41	0	0	196	26294
00:31:42	0	0	196	26295
00:31:43	0	0	196	26295
00:31:44			196	26295
00:31:45	0	0	196	26295
00:31:46	0	0	196	26296
00:31:47	0	0	196	26296
00:31:48	0	0	196	26296
00:31:49	0	0	196	26297
00:31:50	0	0	195	26297
00:31:51	0	0	195	26297
00:31:52	0	0	195	26298
00:31:53	0	0	195	26298
00:31:54		0	195	26298
00:31:55		0	195	26299
00:31:56	0	0	195	26299
00:31:57	0	0	195	26299
00:31:58		0	195	26300
00:31:59		0	195	26300
00:32:00		0	195	26300
00:32:01	0	0	195	26301
00:32:02	0	0	195	26301
00:32:03	0	0	195	26301
00:32:04	0	0	194	26301
00:32:05	0	0	194	26302
00:32:06	0	0	194	26302
00:32:07	0	0	194	26302
00:32:08	0	0	194	26303
00:32:09	0	0	194	26303
00:32:10	0	0	194	26303
00:32:11	0	0	194	26304
00:32:12	0	0	194	26304
00:32:13	0	0	194	26304
00:32:14	0	0	194	26305
00:32:15	0	0	194	26305
00:32:16	0	0	194	26305
00:32:17	0	0	194	26306
00:32:18	0	0	193	26306
00:32:19	0	0	193	26306
00:32:20	0	0	193	26307
00:32:21	0	0	193	26307
00:32:22		0	193	26307
00:32:23		0	193	26308
00:32:24	0	0	193	26308
00:32:25	0	0	193	26308
00:32:26	0	0	193	26309
00:32:27	0	0	193	26309
00:32:28	0	0	193	26309
00:32:29	0	0	193	26310
00:32:30	0	0	193	26310
00:32:31	0	0	192	26310
00:32:32	0	0	192	26311
00:32:33	0	0	192	26311
00:32:34	0	0	192	26311
00:32:35	0	0	192	26312
00:32:36	0	0	192	26312
00:32:37	0	0	192	26312
00:32:38	0	0	192	26313
00:32:39	0	0	192	26313
00:32:40	0	0	192	26313
00:32:41	0	0	192	26314
00:32:42	0	0	192	26314
00:32:43	0	0	192	26315
00:32:44	0	0	191	26315
00:32:45	0	0	191	26315
00:32:46	0	0	191	26316
00:32:47	0	0	191	26316
00:32:48	0	0	191	26316
00:32:49	0	0	191	26317
00:32:50	0	0	191	26317
00:32:51	0	0	191	26318
00:32:52		0	191	26318
00:32:53		0	191	26318
00:32:54	0	0	191	26319
00:32:55	0	0	191	26319
00:32:56	0	0	191	26319
00:32:57	0	0	190	26320
00:32:58	0	0	190	26320
00:32:59	0	0	190	26320
00:33:00	0	0	190	26321
00:33:01	0	0	190	26321
00:33:02	0	0	190	26321
00:33:03	0	0	190	26322
00:33:04		0	190	26322
00:33:05	0	0	190	26323
00:33:06	0	0	190	26323
00:33:07	0	0	190	26323
00:33:08	2		190	26324
00:33:09			189	26324
00:33:10			189	26324
00:33:17			189	26325
00:33:12			189	26325
00:33:13	5		189	26325
00:33:14	2		189	26326
00:33:15			189	26326
00:33:16			189	26327
00:33:17	0	0	189	26327
00:33:18		0	189	26327
00:33:19		0	189	26328
00:33:20	0	0	189	26328
00:33:21	0	0	188	26328
00:33:22	0	0	188	26329
00:33:23	0	0	188	26329
00:33:24		0	188	26330
00:33:25	0	0	188	26330
00:33:26	0	0	188	26330
00:33:27	0	0	188	26331
00:33:28	0	0	188	26331
00:33:29	0	0	188	26331
00:33:30	0		188	26332
00:33:31	0		188	26332
00:33:32	0	0	188	26332
00:33:33			187	26333
00:33:34			187	26333
00:33:35	8		187	26334
00:33:36	8		187	26334
00:33:37			187	26334
00:33:38			187	26335
00:33:39			187	26335
00:33:40			187	26336
00:33:47			187	26336
00:33:42	8		187	26336
00:33:43			187	26337
00:33:44			187	26337
00:33:45			186	26338
00:33:46			186	26338
00:33:47	0		186	26338
00:33:48	0		186	26339
00:33:49			186	26339
00:33:50			186	26339
00:33:57			186	26340
00:33:52			186	26340
00:33:53			186	26340
00:33:54			186	26341
00:33:55	0		186	26341
00:33:56			186	26342
00:33:57			185	26342
00:33:58			185	26343
00:33:59			185	26343
00:34:00			185	26343
00:34:07			185	26344
00:34:02			185	26344
00:34:03			185	26345
00:34:04			185	26345
00:34:05			185	26345
00:34:06	0		185	26346
00:34:07			185	26346
00:34:08			184	26346
00:34:09	0		184	26347
00:34:10			184	26347
00:34:11			184	26348
00:34:12			184	26348
00:34:13			184	26349
00:34:14			184	26349
00:34:75			184	26349
00:34:16			184	26350
00:34:17			184	26350
00:34:18			184	26351
00:34:19			183	26351
00:34:20			183	26351
00:34:21			183	26352
00:34:22			183	26352
00:34:23	0		183	26353
00:34:24			183	26353
00:34:25			183	26353
00:34:26			183	26354
00:34:27			183	26354
00:34:28			183	26355
00:34:29			183	26355
00:34:30			182	26356
00:34:31	0	0	182	26356
00:34:32	0	0	182	26356
00:34:33	0	0	182	26357
00:34:34	0	0	182	26357
00:34:35	0	0	182	26358
00:34:36	0	0	182	26358
00:34:37	0	0	182	26358
00:34:38	0	0	182	26359
00:34:39	0	0	182	26359
00:34:40	0	0	182	26360
00:34:41	0	0	181	26360
00:34:42	0	0	181	26360
00:34:43	0	0	181	26361
00:34:44	0	0	181	26361
00:34:45	0	0	181	26362
00:34:46	0	0	181	26362
00:34:47	0	0	181	26362
00:34:48	0	0	181	26363
00:34:49	0	0	181	26363
00:34:50	0	0	181	26364
00:34:51	0	0	181	26364
00:34:52	0	0	180	26364
00:34:53	0	0	180	26365
00:34:54	0	0	180	26365
00:34:55	0	0	180	26366
00:34:56	0	0	180	26366
00:34:57	0	0	180	26367
00:34:58	0	0	180	26367
00:34:59	0	0	180	26367
00:35:00	0	0	180	26368
00:35:01	0	0	180	26368
00:35:02	0	0	180	26369
00:35:03	0	0	179	26369
00:35:04	0	0	179	26370
00:35:05	0	0	179	26370
00:35:06	0	0	179	26371
00:35:07	0	0	179	26371
00:35:08		0	179	26371
00:35:09		0	179	26372
00:35:10		0	179	26372
00:35:11		0	179	26373
00:35:12			179	26373
00:35:13		0	178	26374
00:35:14		0	178	26374
00:35:15			178	26374
00:35:16			178	26375
00:35:17			178	26375
00:35:18			178	26376
00:35:19	0		178	26376
00:35:20	0		178	26377
00:35:21	0	0	178	26377
00:35:22	0	0	178	26377
00:35:23	0		177	26378
00:35:24	0	0	177	26378
00:35:25	0	0		26379
00:35:26	0	0	177	26379
00:35:27	0		177	26380
00:35:28	0	0	177	26380
00:35:29		0	177	26381
00:35:30				26381
00:35:31	0	0	177	26381
00:35:32	0	0	177	26382
00:35:33	0	0	177	26382
00:35:34	0		176	26383
00:35:35			176	26383
00:35:36	0	0	176	26384
00:35:37	0	0	176	26384
00:35:38	0	0	176	26385
00:35:39	0	0	176	26385
00:35:40		0	176	26385
00:35:41		0	176	26386
00:35:42	0	0	176	26386
00:35:43	0	0	176	26387
00:35:44	0	0	175	26387
00:35:45	0	0	175	26388
00:35:46	0	0	175	26388
00:35:47	0	0	175	26389
00:35:48	0	0		26389
00:35:49	0	0	175	26390
00:35:50	0		175	26390
00:35:51	0		175	26391
00:35:52			175	26391
00:35:53		0	175	26391
00:35:54			174	26392
00:35:55	0	0	174	26392
00:35:56	0		174	26393
00:35:57	0		174	26393
00:35:58	0	0	174	26394
00:35:59	0	0	174	26394
00:36:00	0	0	174	26395
00:36:01	0	0	174	26395
00:36:02	0	0	174	26395
00:36:03	0	0	174	26396
00:36:04	0	0	173	26396
00:36:05	0		173	26397
00:36:06	0	0	173	26397
00:36:07	0	0	173	26398
00:36:08	0	0	173	26398
00:36:09	0	0	173	26399
00:36:10	0	0	173	26399
00:36:11	0	0	173	26400
00:36:12	0	0	173	26400
00:36:13	0	0	172	26400
00:36:14	0	0	172	26401
00:36:15	0	0	172	26401
00:36:16	0	0	172	26402
00:36:17		0	172	26402
00:36:18	0	0	172	26403
00:36:19	0	0	172	26403
00:36:20	0	0	172	26404
00:36:21	0	0	172	26404
00:36:22	0		172	26405
00:36:23			171	26405
00:36:24			171	26406
00:36:25			171	26406
00:36:26	0		171	26407
00:36:27	0		171	26407
00:36:28	0		171	26408
00:36:29	0	0	171	26408
00:36:30	0	0	171	26409
00:36:31	0	0	171	26409
00:36:32	0	0	171	26410
00:36:33	0	0	170	26410
00:36:34	0		170	26411
00:36:35	0		170	26411
00:36:36	0	0	170	26412
00:36:37	0	0	170	26412
00:36:38	0	0	170	26413
00:36:39	0	0	170	26413
00:36:40	0	0	170	26414
00:36:41	0	0	170	26414
00:36:42	0	0	169	26415
00:36:43	0	0	169	26415
00:36:44	0	0	169	26415
00:36:45	0	0	169	26416
00:36:46	0	0	169	26416
00:36:46	0	0	169	26417
00:36:48	0	0	169	26417
00:36:49	0	0	169	26418
00:36:50		0	169	26419
00:36:51		0	168	26419
00:36:52	0	0	168	26420
00:36:53	0	0	168	26420
00:36:54	0	0	168	26420
00:36:55	0	0	168	26421
00:36:56	0	0	168	26422
00:36:57	0	0	168	26422
00:36:58	0	0	168	26422
00:36:59	0	0	168	26423
00:37:00	0	0	168	26423
00:37:01	0	0	167	26424
00:37:02	0	0	167	26424
00:37:03	0	0	167	26425
00:37:04	0	0	167	26425
00:37:05	0	0	167	26426
00:37:06	0	0	167	26426
00:37:06	0	0	167	26427
00:37:08	0	0	167	26427
00:37:09	0	0	167	26428
00:37:10	0	0	166	26428
00:37:10	0	0	166	26429
00:37:12	0	0	166	26429
00:37:13	0	0	166	26430
00:37:14	0		166	26430
00:37:15	0	0	166	26431
00:37:16	0		166	26431
00:37:17	0		166	26432
00:37:18	0		166	26432
00:37:19	0		165	26433
00:37:20	0	0	165	26433
00:37:21	0	0	165	26434
00:37:22	0	0	165	26434
00:37:23	0	0	165	26435
00:37:24	0	0	165	26435
00:37:25	0	0	165	26436
00:37:26	0	0	165	26436
00:37:27	0	0	165	26437
00:37:28	0	0	164	26437
00:37:29	0	0	164	26438
00:37:30	0	0	164	26438
00:37:31	0	0	164	26439
00:37:32	0	0	164	26440
00:37:33	0	0	164	26440
00:37:34		0	164	26441
00:37:35		0	164	26441
00:37:36	0	0	164	26441
00:37:37	0	0	163	26442
00:37:38	0	0	163	26442
00:37:39	0	0	163	26443
00:37:40	0	0	163	26444
00:37:41	0	0	163	26444
00:37:42	0	0	163	26445
00:37:43	0	0	163	26445
00:37:44	0	0	163	26446
00:37:45	0	0	163	26446
00:37:46		0	162	26447
00:37:47		0	162	26447
00:37:48	0	0	162	26448
00:37:49	0	0	162	26448
00:37:50	0	0	162	26449
00:37:51	0	0	162	26449
00:37:52	0	0	162	26450
00:37:53	0	0	162	26450
00:37:54	0	0	162	26451
00:37:55	0	0	161	26451
00:37:56		0	161	26452
00:37:57	0	0	161	26452
00:37:58	0	0	161	26453
00:37:59	0	0	161	26453
00:38:00	0	0	161	26454
00:38:01	0	0	161	26454
00:38:02	0	0	161	26455
00:38:03	0	0	161	26456
00:38:04		0	160	26456
00:38:05		0	160	26457
00:38:06	0	0	160	26457
00:38:07	0	0	160	26458
00:38:08	0	0	160	26458
00:38:09	0	0	160	26459
00:38:10	0	0	160	26459
00:38:11	0	0	160	26460
00:38:12	0	0	159	26460
00:38:13	0	0	159	26461
00:38:14	0	0	159	26461
00:38:15	0	0	159	26462
00:38:16	0	0	159	26462
00:38:17	0	0	159	26463
00:38:17		0	159	26463
00:38:19		0	159	26464
00:38:20	0	0	159	26464
00:38:27	0	0	158	26465
00:38:22		0	158	26466
00:38:23		0	158	26466
00:38:24	0	0	158	26467
00:38:25	0	0	158	26467
00:38:26	0	0	158	26468
00:38:27	0	0	158	26468
00:38:28	0	0	158	26469
00:38:29	0	0	157	26469
00:38:30		0	157	26470
00:38:37	0	0	157	26471
00:38:32	0	0	157	26471
00:38:33	0	0	157	26472
00:38:34	0	0	157	26472
00:38:35		0	157	26472
00:38:36	0	0	157	26473
00:38:37	0	0	157	26474
00:38:38	0	0	156	26474
00:38:39	0	0	156	26475
00:38:40	0	0	156	26475
00:38:41	0	0	156	26476
00:38:42	0	0	156	26476
00:38:43	0	0	156	26477
00:38:44	0	0	156	26477
00:38:45	0	0	156	26478
00:38:46	0	0	156	26479
00:38:46	0	0	155	26479
00:38:48	0	0	155	26480
00:38:48	0	0	155	26480
00:38:49	0	0	155	26481
00:38:51			155	26481
00:38:52	0		155	26482
00:38:53	0	0	155	26482
00:38:54	0	0	155	26483
00:38:55	0	0	154	26484
00:38:56	0		154	26484
00:38:57	0		154	26484
00:38:58		0	154	26485
00:38:59		0	154	26486
00:39:00	0	0	154	26486
00:39:01	0	0	154	26487
00:39:02	0	0	154	26487
00:39:03	0	0	153	26488
00:39:04	0	0	153	26488
00:39:05	0	0	153	26489
00:39:06	0	0	153	26489
00:39:07	0	0	153	26490
00:39:08	0	0	153	26491
00:39:09	0	0	153	26491
00:39:10	0	0	153	26492
00:39:11	0	0	152	26492
00:39:12	0	0	152	26493
00:39:13	0	0	152	26493
00:39:14	0	0	152	26494
00:39:15	0	0	152	26495
00:39:16	0	0	152	26495
00:39:17	0	0	152	26496
00:39:18	0	0	152	26496
00:39:19	0	0	152	26497
00:39:20	0	0	151	26497
00:39:21	0	0	151	26498
00:39:22	0	0	151	26499
00:39:23	0	0	151	26499
00:39:24	0	0	151	26500
00:39:25	0	0	151	26500
00:39:26	0	0	151	26501
00:39:27	0	0	151	26501
00:39:28	0	0	150	26502
00:39:29	0	0	150	26503
00:39:30	0	0	150	26503
00:39:31	0	0	150	26503
00:39:32	0	0	150	26504
00:39:33	0	0	150	26505
00:39:34	0	0	150	26505
00:39:35	0	0	150	26506
00:39:36	0		149	26506
00:39:37	0		149	26507
00:39:38	0		149	26507
00:39:39	0	0	149	26508
00:39:40	0		149	26508
00:39:41	0		149	26509
00:39:42	0	0	149	26510
00:39:43	0	0	149	26510
00:39:44	0	0	148	26511
00:39:45	0	0	148	26511
00:39:46	0	0	148	26512
00:39:47	0	0	148	26513
00:39:48	0		148	26513
00:39:49	0		148	26514
00:39:50	0	0	148	26514
00:39:50	0	0	148	26515
00:39:52	0		148	26515
00:39:53	0		147	26516
00:39:54	0	0	147	26516
00:39:55	0	0	147	26517
00:39:56	0		147	26518
00:39:56	0		147	26518
00:39:58	0		147	26519
00:39:59	0	0	147	26519
00:39:59	0	0	147	26520
00:40:01	0		146	26521
00:40:02	0	0	146	26521
00:40:03	0	0	146	26522
00:40:04	0		146	26522
00:40:05:	0		146	26523
00:40:06	0		146	26524
00:40:07	0		146	26524
00:40:08	0	9	146	26525
00:40:09	0		145	26525
00:40:09	0		145	26526
00:40:11	0		145	26526
00:40:12	0	0	145	26527
00:40:13	0	0	145	26528
00:40:14	0	0	145	26528
00:40:15		0	145	26528
00:40:16	0		145	26529
00:40:17	0		144	26530
00:40:18	0	0	144	26530
00:40:19	0		144	26531
00:40:20	0	1	144	26531
00:40:21	0		144	26532
00:40:22	0		144	26533
00:40:23	0		144	26533
00:40:23	0		144	26534
00:40:25	0	0	143	26534
00:40:26	0	0	143	26535
00:40:27	0	0	143	26536
00:40:27	0		143	26536
00:40:29	0		143	26537
00:40:29	0		143	26537
00:40:30	0		143	26538
00:40:31	0		143	26538
00:40:33	0	0	142	26539
00:40:33	0	0	142	26540
00:40:35	0	0	142	26540
00:40:36	0		142	26541
00:40:36	0	0	142	26541
00:40:38	0	0	142	26542
00:40:39	0	0	142	26542
00:40:40	0		141	26543
00:40:41	0		141	26544
00:40:42	0	0	141	26544
00:40:43	0	0	141	26545
00:40:44	0	0	141	26545
00:40:45	0	0	141	26546
00:40:46	0	0	141	26546
00:40:47	0	0	141	26547
00:40:48	0	0	140	26548
00:40:49	0	0	140	26548
00:40:50	0	0	140	26549
00:40:51	0	0	140	26549
00:40:52	0	0	140	26550
00:40:53	0	0	140	26551
00:40:54	0	0	140	26551
00:40:55	0	0	140	26552
00:40:55	0	0	139	26553
00:40:57	0	0	139	26553
00:40:57	0	0	139	26554
00:40:59	0	0	139	26554
00:41:00	0	0	139	26555
00:41:00	0	0	139	26555
00:41:01	0	0	139	26556
00:41:03	0	0	139	26557
00:41:03	0	0	138	26557
00:41:05	0	20	138	26558
00:41:06	0		138	26558
00:41:06		5	138	26559
00:41:08	0		138	26559
00:41:09			138	26560
00:41:10	0		138	26561
00:41:11	0	1	137	26561
00:41:12	0	0	137	26562
00:41:13	0		137	26562
00:41:14	0		137	26563
00:41:15	0		137	26563
00:41:16	0		137	26564
00:41:17		0	137	26565
00:41:18	0	0	137	26565
00:41:19	0	0	136	26566
00:41:20	0	0	136	26566
00:41:21	0	0	136	26567
00:41:22	0	0	136	26568
00:41:23	0	0	136	26568
00:41:24	0	0	136	26569
00:41:25	0	0	136	26569
00:41:26	0	0	136	26570
00:41:27	0	0	135	26571
00:41:28	0	0	135	26571
00:41:29	0	0	135	26572
00:41:29	0	0	135	26573
00:41:31	0	0	135	26573
00:41:32	0	0	135	26574
00:41:33	0	0	135	26575
00:41:34	0	0	135	26575
00:41:34	0	0	134	26576
00:41:35	0	0	134	26576
00:41:37	0	0	134	26577
00:41:37	0	0	134	26577
00:41:39	0	0	134	26578
00:41:40	0	0	134	26579
00:41:41	0	0	134	26579
00:41:42	0	0	133	26579
00:41:42	0	0	133	26580
00:41:43	0	0	133	26581
00:41:45	0	0	133	26582
00:41:46	0	0		26582
00:41:47	0	0	133	26583
00:41:48	0	0	133	26583
00:41:49	0	0	133	26584
00:41:50	0	0	132	26585
00:41:51	0	0	132	26585
00:41:52	0	0	132	26586
00:41:52	0	0	132	26587
00:41:54	0	0	132	26587
00:41:54	0	0	132	26588
00:41:56	0	0	132	26588
00:41:57	0	0	131	26589
00:41:58	0	0	131	26590
00:41:58	0	0	131	26590
00:42:00	0	0	131	26591
00:42:01	0	0	131	26591
00:42:02	0	0	131	26592
00:42:02	0	0	131	26593
00:42:03	0	0	131	26593
00:42:05	0	0	130	26594
00:42:05	0		130	26595
00:42:06	0	0	130	26595
00:42:07	0	0	130	26596
00:42:08	0	0	130	26596
00:42:10	0	0	130	26597
00:42:10	0	0	130	26597
00:42:11	0	0	130	26598
00:42:12	0	0	129	26599
00:42:13	0	0	129	26599
00:42:14	0	0	129	26600
00:42:15	0	0	129	26600
00:42:16	0	0	129	26601
00:42:18	0	0	129	26602
00:42:19	0	0	129	26602
00:42:20	0	0	128	26603
00:42:21	0	0	128	26603
00:42:21	0	0	128	26604
00:42:23	0	0	128	26605
00:42:24	0	0	128	26605
00:42:24	0	0	128	26606
00:42:25	0	0	128	26607
00:42:27	0	0	127	26607
00:42:28	0	0	127	26608
00:42:29	0	0	127	26608
00:42:30	0	0	127	26609
00:42:31	0	0	127	26610
00:42:32	0	0	127	26610
00:42:32	0	0	127	26611
00:42:34	0	0	127	26612
00:42:34	0	0	126	26612
00:42:35	0	0	126	26613
00:42:36	0	0	126	26613
00:42:38	0	0	126	26614
00:42:38	0	0	126	26614
00:42:39	0	0	126	26615
00:42:40	0	0	126	26616
00:42:41	0	0	126	26616
00:42:42	0	0	125	26617
00:42:43	0	0	125	26618
00:42:44	0	0	125	26619
00:42:46	0	0	125	26619
00:42:46	0	0	125	26620
00:42:48	0	0	125	26620
00:42:49	0	0	125	26621
00:42:50	0	0	124	26622
00:42:51	0	0	124	26622
00:42:52	0	0	124	26623
00:42:53	0	0	124	26623
00:42:53	0		124	26624
00:42:55	0		124	26625
00:42:55	0	0	124	26625
00:42:57	0	0	123	26625
00:42:58	0	0	123	26626
00:42:59	0	0	123	26627
00:43:00	0	0	123	26628
00:43:01	0	0	123	26628
00:43:01	0	0	123	26629
00:43:03	0	0	123	26629
00:43:04	0	0	123	26630
00:43:05	0	0	122	26631
00:43:06	0	0	122	26631
00:43:07	0	0	122	26632
00:43:08	0	0	122	26633
00:43:08	0	0	122	26633
00:43:09	0	0	122	26634
00:43:10	0	0	122	26634
00:43:11	0	0	121	26635
00:43:13	0	0	121	26635
00:43:13	0	0	121	26636
00:43:14	0	0	121	26637
00:43:15	0	0	121	26637
00:43:16	0	0	121	26638
00:43:17	0	0	121	26639
00:43:18	0	0	120	26639
00:43:19	0	0	120	26640
00:43:20	0	0	120	26641
00:43:22	0		120	26641
00:43:23	0		120	26642
00:43:23	0	0	120	26643
00:43:24	0	0	120	26643
00:43:26	0	0	120	26644
00:43:27	0	0	119	26644
00:43:28	0		119	26645
00:43:28	0	0	119	26646
00:43:30	0	0	119	26646
00:43:31	0	0	119	26647
00:43:32	0	0	119	26647
00:43:33	0	0	119	26648
00:43:34	0	0	118	26649
00:43:35	0	0	118	26649
00:43:35	0	0	118	26650
00:43:36	0	0	118	26651
00:43:38	0	0	118	26651
00:43:38	0	0	118	26652
00:43:40	0	0	118	26653
00:43:41	0	0	117	26653
00:43:42	0	0	117	26654
00:43:42	0	0	117	26654
00:43:43	0	0	117	26655
00:43:44	0	0	117	26655
00:43:45	0	0	117	26656
00:43:46	0	0	117	26657
00:43:47	0	0	117	26658
00:43:48		0	116	26658
00:43:49		0	116	26659
00:43:50		0	116	26659
00:43:51	0	0	116	26660
00:43:52	0	0	116	26660
00:43:54	0		116	26661
00:43:55	0	0	116	26662
00:43:56	0	0	115	26662
00:43:57	0	0	115	26663
00:43:58	0	0	115	26664
00:43:59	0		115	26664
00:44:00	0	0	115	26665
00:44:01	0	0	115	26666
00:44:02		0	115	26666
00:44:03	0	0	114	26667
00:44:04		0	114	26667
00:44:05	0	0	114	26668
00:44:06	0	0	114	26669
00:44:07	0	0	114	26669
00:44:08	0	0	114	26670
00:44:09	0	0	114	26671
00:44:10	0		113	26671
00:44:10	0		113	26672
00:44:12		0	113	26672
00:44:13		0	113	26673
00:44:14	0	0	113	26674
00:44:15	0	0	113	26674
00:44:15	0	0	113	26675
00:44:16	0	0	113	26675
00:44:17	0	0	112	26676
00:44:18	0	0	112	26677
00:44:19	0	0	112	26677
00:44:20	0	0	112	26678
00:44:21	0	0	112	26678
00:44:22	0	0	112	26679
00:44:23	0	0	112	26679
00:44:24	0	0	111	26680
00:44:25	0	0	111	26681
00:44:26	0	0	111	26681
00:44:27	0	0	111	26682
00:44:28	0	0	111	26683
00:44:30	0	0	111	26684
00:44:30	0	0	110	26684
00:44:31	0	0	110	26685
00:44:32	0	0	110	26685
00:44:33	0		110	26686
00:44:34	0	0	110	26686
00:44:35	0	0	110	26687
00:44:36	0	0	110	26688
00:44:38	0	0	110	26688
00:44:38	0	0	109	26689
00:44:39	0	0	109	26689
00:44:40	0	0	109	26690
00:44:41	0	0	109	26691
00:44:42	0	0	109	26691
00:44:43	0	0	109	26692
00:44:44	0	0	109	26693
00:44:45	0	0	109	26693
00:44:46	0	0	108	26694
00:44:47	0	0	108	26695
00:44:48	0	0	108	26695
00:44:49	0	0	108	26696
00:44:50	0	0	108	26696
00:44:51	0	0	108	26697
00:44:52	0	0	108	26697
00:44:53		0	107	26698
00:44:54		0	107	26699
00:44:55	0	0	107	26699
00:44:57	0	0	107	26700
00:44:57	0	0	107	26701
00:44:58	0	0	107	26701
00:44:59	0	0	107	26702
00:45:00	0	0	106	26702
00:45:01	0	0	106	26703
00:45:02	0	0	106	26704
00:45:03	0	0	106	26704
00:45:04	0	0	106	26705
00:45:05	0	0	106	26705
00:45:06	0	0	106	26706
00:45:07	0	0	105	26706
00:45:08	0	0	105	26707
00:45:09	0	0	105	26708
00:45:10	0	0	105	26708
00:45:11	0	0	105	26709
00:45:12	0	0	105	26710
00:45:13	0	0	105	26710
00:45:14	0		104	26711
00:45:15	0	0	104	26711
00:45:16	0	0	104	26712
00:45:17	0	0	104	26713
00:45:18	0	0	104	26713
00:45:19	0	0	104	26714
00:45:21	0	0	104	26715
00:45:21	0	0	103	26715
00:45:22	0	0	103	26715
00:45:23	0	0	103	26716
00:45:24	0	0	103	26717
00:45:26	0	0	103	26717
00:45:26	0	0	103	26718
00:45:27	0	0	103	26718
00:45:28	0	0	103	26719
00:45:29	0	0	102	26719
00:45:30	0	0	102	26720
00:45:31	0	0	102	26721
00:45:32	0	0	102	26721
00:45:33	0	0	102	26722
00:45:34	0	0	102	26723
00:45:35	0	0	102	26723
00:45:36	0	0	101	26724
00:45:37	0	0	101	26724
00:45:38	0	0	101	26725
00:45:39	0	0	101	26725
00:45:40	0	0	101	26726
00:45:41	0	0	101	26726
00:45:42	0	0	101	26727
00:45:43	0	0	100	26728
00:45:44	0	0	100	26728
00:45:45	0	0	100	26729
00:45:46	0	0	100	26729
00:45:47	0	0	100	26730
00:45:48	0	0	100	26730
00:45:49	0	0	100	26731
00:45:50	0	0	99	26731
00:45:51	0	0	99	26732
00:45:52	0	0	99	26733
00:45:53	0	0	99	26733
00:45:54	0	0	99	26734
00:45:55	0	0	99	26734
00:45:56	0	0	99	26735
00:45:57	0	0	98	26735
00:45:58	0	0	98	26736
00:45:59	0	0	98	26736
00:46:00	0	0	98	26737
00:46:01	0		98	26737
00:46:02	0		98	26738
00:46:03	0	0	98	26738
00:46:04	0	0	97	26739
00:46:05	0	0	97	26739
00:46:06	0	0	97	26740
00:46:07	0	0	97	26740
00:46:08	0	0	97	26741
00:46:09	0	0	97	26741
00:46:10	0	0	97	26742
00:46:11	0	0	97	26742
00:46:12	0		96	26743
00:46:13	0		96	26743
00:46:14	0	0	96	26744
00:46:15	0	0	96	26744
00:46:16	0		96	26744
00:46:17	0		96	26745
00:46:18			96	26745
00:46:19			95	26746
00:46:20	0		95	26746
00:46:21	0		95	26747
00:46:22	0		95	26747
00:46:23	0		95	26747
00:46:24	0		95	26748
00:46:25			95	26748
00:46:26			94	26749
00:46:27			94	26749
00:46:28			94	26749
00:46:29		0	94	26750
00:46:30	0		94	26750
00:46:31			94	26750
00:46:32			94	26751
00:46:33			93	26751
00:46:34			93	26751
00:46:35			93	26752
00:46:36			93	26752
00:46:37			93	26752
00:46:38			93	26753
00:46:39			93	26753
00:46:40			92	26753
00:46:41	0		92	26753
00:46:42	0		92	26754
00:46:43	0		92	26754
00:46:44	0		92	26754
00:46:45	0		92	26754
00:46:46	0	0	92	26754
00:46:47	0	0	91	26755
00:46:48	0	0	91	26755
00:46:49	0	0	91	26755
00:46:50	0	0	91	26755
00:46:51	0	0	91	26755
00:46:52	0	0	91	26755
00:46:53	0	0	91	26756
00:46:54	0	0	91	26756
00:46:55	0	0	90	26756
00:46:56	0	0	90	26756
00:46:57	0	0	90	26756
00:46:58	0	0	90	26756
00:46:59	0	0	90	26756
00:47:00	0	0	90	26756
00:47:01	0	0	90	26756
00:47:02	0	0	89	26756
00:47:03	0	0	89	26756
00:47:04	0	0	89	26756
00:47:05	0	0	89	26755
00:47:07	0	0	89	26755
00:47:07	0	0	89	26755
00:47:08	0	0	89	26755
00:47:09	0	0	88	26754
00:47:10	0	0	88	26755
00:47:11			88	26754
00:47:12		0	88	26754
00:47:13	0		88	26754
00:47:14	0	0	88	26753
00:47:15	0	0	88	26753
00:47:16	0		87	26753
00:47:17	0		87	26752
00:47:18	0	0	87	26752
00:47:19	0	0	87	26751
00:47:20	0		87	26751
00:47:21	0		87	26751
00:47:22	0		87	26750
00:47:24	0	0	86	26749
00:47:24	0	0	86	26749
00:47:25	0	0	86	26748
00:47:26	0	07	86	26748
00:47:27	0		86	26747
00:47:28	0	0	86	26746
00:47:30	7		86	26746
00:47:30	0	1	86	26745
00:47:31	0	1	86	26744
00:47:31	0	1	86	26744
00:47:31	0	1	86	26744
00:47:32	0	0	85	26743
00:47:33	0	0	85	26743
00:47:34		0	85	26742
00:47:35		07	85	26741
00:47:36	0	0	85	26740
00:47:37	0	0	85	26739
00:47:38	0		85	26738
00:47:39	0		84	26737
00:47:40	0	0	84	26736
00:47:41	0	0	84	26735
00:47:42	0	0	84	26734
00:47:43	0	0	84	26732
00:47:44	0		84	26731
00:47:45	0		84	26731
00:47:46			84	26730
00:47:47	0		83	26728
00:47:48			83	26726
00:47:49	0	0	83	26724
00:47:50	0	0	83	26723
00:47:51	0	0	83	26722
00:47:52	0	0	83	26720
00:47:53	0	07	83	26718
00:47:54		0	82	26717
00:47:55	0		82	26715
00:47:56	01		82	26713
00:47:57	0	0	82	26712
00:47:58	0		82	26709
00:47:59	0		82	26708
00:48:00	0	07	82	26706
00:48:01		07	82	26704
00:48:02	0	07	81	26700
00:48:03	0	07	81	26698
00:48:04	0	0	81	26696
00:48:05	0	0	81	26694
00:48:06	0	0	81	26691
00:48:07	0		81	26689
00:48:08			81	26686
00:48:09			81	26684
00:48:10	01	0	80	26682
00:48:11	0	0	80	26679
00:48:12	0	07	80	26677
00:48:13		0	80	26674
00:48:14		0	80	26672
00:48:15			80	26670
00:48:16		0	80	26666
00:48:17	0		80	26664
00:48:17		0	79	26661
00:48:18	0	0	79	26658
00:48:19	0	0	79	26655
00:48:21	0	07	79	26651
00:48:21	0	07	79	26647
00:48:22		07	79	26643
00:48:23	0	0	79	26640
00:48:24	01		79	26636
00:48:25	01		78	26633
00:48:26	0		78	26629
00:48:27	0	07	78	26626
00:48:28		0	78	26622
00:48:29	0		78	26618
00:48:30	0	0	78	26614
00:48:31	0		78	26610
00:48:32	0		78	26605
00:48:33	0		78	26601
00:48:34	0	0	77	26596
00:48:35		0	77	26591
00:48:36	01	0	77	26586
00:48:37	0	0	77	26581
00:48:38	0		77	26577
00:48:39	01		77	26571
00:48:40	0	0	77	26565
00:48:41			77	26559
00:48:42	0		77	26554
00:48:43		0	76	26548
00:48:44	0	07	76	26541
00:48:45	0	0	76	26535
00:48:46	0	0	76	26529
00:48:47			76	26523
00:48:48		0	76	26516
00:48:49	0	0	76	26510
00:48:51	0	0	76	26503
00:48:51	0	0	76	26496
00:48:52	0	0	75	26489
00:48:53		0	75	26481
00:48:54		07	75	26474
00:48:55		07	75	26467
00:48:57			75	26458
00:48:57			75	26452
00:48:58	0	0	75	26443
00:48:59			75	26435
00:49:00	0		75	26426
00:49:01	0		75	26418
00:49:02		0	74	26409
00:49:03	0		74	26400
00:49:04	0	0	74	26392
00:49:05			74	26383
00:49:06	0		74	26374
00:49:07	0		74	26364
00:49:08			74	26355
00:49:10		0	74	26345
00:49:10			74	26335
00:49:11	0	0	74	26326
00:49:12	0		74	26316
00:49:13	0	0	73	26305
00:49:14	0	07	73	26295
00:49:15	0	0	73	26285
00:49:16	0	0	73	26274
00:49:17	0	0	73	26264
00:49:18	0	0	73	26252
00:49:19	0	0	73	26241
00:49:20	0	0	73	26230
00:49:21		0	73	26219
00:49:22		0	73	26207
00:49:23	0	0	73	26195
00:49:24	0	0	73	26183
00:49:25	0		72	26171
00:49:26	0	0	72	26159
00:49:27	0		72	26147
00:49:28			72	26135
00:49:29	0		72	26122
00:49:30	0	1	72	26109
00:49:31	0	0	72	26097
00:49:32	0	0	72	26084
00:49:33		0	72	26071
00:49:34		0	72	26058
00:49:35	0	0	72	26044
00:49:36	0	0	72	26031
00:49:37		0	72	26017
00:49:38		0	72	26004
00:49:39	0	0	71	25990
00:49:40	0	0	71	25976
00:49:41	0	0	71	25962
00:49:42	0	0	71	25950
00:49:43	0	0	71	25933
00:49:44	0	0	71	25918
00:49:45		0	71	25903
00:49:46		0	71	25889
00:49:47	0	0	71	25873
00:49:48	0	0	71	25859
00:49:49	0	0	71	25844
00:49:50	0	0	71	25829
00:49:51	0	0	71	25814
00:49:52	0	0	71	25798
00:49:53	0	0	71	25783
00:49:54	0	0	71	25768
00:49:55		0	71	25751
00:49:56		0	71	25736
00:49:57		0	70	25721
00:49:58		0	70	25704
00:49:59	0	0	70	25687
00:50:00	0	0	70	25671
00:50:01	0	0	70	25655
00:50:02	0	0	70	25639
00:50:03	0	0	70	25622
00:50:04	0	0	70	25605
00:50:05	0	0	70	25588
00:50:06	0	0	70	25572
00:50:07	0	0	70	25554
00:50:08	0	0	70	25537
00:50:09	0	0	70	25520
00:50:10	0	0	70	25503
00:50:11	0	0	70	25486
00:50:12	0	0	70	25470
00:50:13	0	0	70	25451
00:50:14	0	0	70	25433
00:50:16	0	0	70	25414
00:50:16	0	0	70	25398
00:50:17	0	0	70	25381
00:50:18	0	0	70	25363
00:50:19	0	0	70	25345
00:50:20	0	0	70	25328
00:50:21	0	0	70	25310
00:50:22	0	0	70	25292
00:50:23	0	0	69	25274
00:50:24	0	0	69	25256
00:50:25	0	0	69	25238
00:50:26	0	0	69	25220
00:50:27		0	69	25203
00:50:28		0	69	25183
00:50:29	0	0	69	25165
00:50:30	0	0	69	25146
00:50:31	0	0	69	25128
00:50:32	0	0	69	25110
00:50:33		0	69	25092
00:50:34		0	69	25074
00:50:35		0	69	25056
00:50:36			69	25038
00:50:37	0	0	69	25019
00:50:38	0		69	25001
00:50:39	1		69	24982
00:50:40	0		69	24964
00:50:41	0	0	69	24946
00:50:42	07	0	69	24928
00:50:43	0		69	24909
00:50:44		0	69	24891
00:50:45	0	0	69	24873
00:50:46		0	69	24855
00:50:47	0	0	69	24837
00:50:48	0		69	24819
00:50:49	0	0	69	24802
00:50:50	0	0	69	24784
00:50:51			69	24766
00:50:52	0		69	24748
00:50:53	0	0	69	24730
00:50:54	0	0	69	24712
00:50:55	0	0	69	24695
00:50:56	0	0	69	24678
00:50:57	1		69	24661
00:50:58	1		69	24643
00:50:59	0	0	69	24625
00:51:00	0	0	69	24607
00:51:01	0	0	69	24590
00:51:02		0	69	24573
00:51:03		07	69	24555
00:51:04	0		69	24538
00:51:05		0	69	24521
00:51:06	0	0	69	24504
00:51:07		07	69	24487
00:51:08		07	69	24470
00:51:09		0	69	24453
00:51:10			69	24436
00:51:11	0		69	24419
00:51:12			69	24403
00:51:13		07	69	24385
00:51:14			69	24368
00:51:15		0	69	24351
00:51:16		0	69	24335
00:51:17	0		69	24318
00:51:18	1	0	69	24301
00:51:19		0	69	24285
00:51:20	0	0	69	24269
00:51:21		07	69	24252
00:51:22		07	69	24236
00:51:23			69	24219
00:51:24		0	69	24204
00:51:25			69	24187
00:51:26			69	24171
00:51:27		07	69	24156
00:51:28	0	07	69	24139
00:51:29		0	69	24123
00:51:30		0	69	24108
00:51:31		07	69	24092
00:51:32		07	69	24075
00:51:33	0		69	24059
00:51:34	0	0	69	24043
00:51:35		07	69	24027
00:51:36		07	69	24011
00:51:37			69	23996
00:51:38			69	23981
00:51:39		0	69	23964
00:51:40			69	23949
00:51:41			69	23933
00:51:42			69	23919
00:51:43	0	0	69	23903
00:51:44			69	23886
00:51:45	07		69	23871
00:51:46			69	23855
00:51:47		0	69	23842
00:51:48		0	69	23834
00:51:49			69	23819
00:51:50			69	23805
00:51:51			69	23790
00:51:52	0	0	69	23776
00:51:53	0	0	69	23761
00:51:54	0	0	69	23747
00:51:55	0	0	69	23733
00:51:56	0	0	69	23719
00:51:57	0	0	69	23706
00:51:58	0	0	69	23691
00:51:59	0	0	69	23677
00:52:00	0	0	69	23663
00:52:01		0	69	23650
00:52:02		0	69	23636
00:52:03	0	0	69	23622
00:52:04	0	0	69	23609
00:52:05	0	0	69	23596
00:52:06	0	0	69	23582
00:52:07		0	69	23568
00:52:08		0	69	23555
00:52:09	0	0	69	23542
00:52:10	0	0	69	23529
00:52:11	0	0	69	23515
00:52:12	0	0	69	23504
00:52:13	0	0	69	23489
00:52:14	0	0	69	23476
00:52:15	0	0	69	23463
00:52:16	0	0	69	23450
00:52:17	0	0	69	23437
00:52:18	0	0	69	23424
00:52:19	0	0	69	23411
00:52:20	0	0	69	23398
00:52:21	0	0	69	23386
00:52:22	0	0	69	23373
00:52:23	0	0	69	23360
00:52:24	0	0	69	23347
00:52:25	0	0	69	23334
00:52:26	0	0	69	23321
00:52:27	0	0	69	23309
00:52:28	0	0	69	23296
00:52:29	0	0	69	23283
00:52:30	0	0	69	23271
00:52:31	0	0	69	23258
00:52:32	0	0	69	23246
00:52:33	0	0	69	23233
00:52:34	0	0	69	23221
00:52:35	0	0	69	23208
00:52:36	0	0	69	23196
00:52:37	0	0	69	23184
00:52:38	0	0	69	23171
00:52:39	0	0	69	23159
00:52:40	0	0	69	23146
00:52:41	0	0	69	23135
00:52:42	0	0	69	23122
00:52:43	0	0	69	23110
00:52:44	0	0	69	23097
00:52:45		0	69	23085
00:52:46		0	69	23072
00:52:47	0	0	69	23060
00:52:48	0	0	69	23047
00:52:49	0	0	69	23035
00:52:50	0	0	69	23023
00:52:51		0	69	23010
00:52:52		0	69	22998
00:52:53	0	0	69	22985
00:52:54	0	0	69	22973
00:52:55	0	0	69	22960
00:52:56	0	0	69	22947
00:52:57	0	0	69	22936
00:52:58	0	0	69	22923
00:52:59	0	0	69	22911
00:53:00	0	0	69	22898
00:53:01	0	0	69	22886
00:53:02	0	0	69	22873
00:53:03	0	0	69	22860
00:53:04	0	0	69	22847
00:53:05	0	0	69	22835
00:53:06	0	0	69	22822
00:53:07	0	0	69	22810
00:53:08	0	0	69	22797
00:53:09	0	0	69	22785
00:53:10	0	0	69	22773
00:53:11	0	0	69	22760
00:53:12	0	0	69	22748
00:53:13	0	0	69	22734
00:53:14	0	0	69	22721
00:53:15	0	0	69	22708
00:53:16	0	0	69	22694
00:53:17	0	0	69	22681
00:53:18	0	0	69	22668
00:53:19	0	0	69	22656
00:53:20	0	0	69	22643
00:53:21	0	0	69	22630
00:53:22	0	0	69	22616
00:53:23	0	0	69	22604
00:53:24	0	0	69	22591
00:53:25	0	0	69	22578
00:53:26	0	0	69	22565
00:53:27	0	0	69	22552
00:53:28	0	0	69	22539
00:53:29	0	0	69	22525
00:53:30	0	0	69	22513
00:53:31	0	0	68	22500
00:53:32	0	0	68	22486
00:53:33	0	0	68	22473
00:53:34	0	0	68	22460
00:53:35	0	0	68	22447
00:53:36	0	0	68	22433
00:53:37	0	0	68	22420
00:53:38	0	0	68	22407
00:53:39	0	0	68	22393
00:53:40	0	0	68	22380
00:53:41	0	0	68	22366
00:53:42	0	0	68	22353
00:53:43	0	0	68	22339
00:53:44	0	0	68	22326
00:53:45	0	0	68	22312
00:53:46	0	0	68	22298
00:53:47	0	0	68	22284
00:53:48	0	0	68	22270
00:53:49	0	0	68	22256
00:53:50	0	0	68	22242
00:53:51	0	0	68	22228
00:53:52	0	0	68	22214
00:53:53	0	0	68	22200
00:53:54	0	0	68	22185
00:53:55		0	67	22170
00:53:56		0	67	22157
00:53:57		0	67	22142
00:53:58		0	67	22128
00:53:59	0	0	67	22113
00:54:00	0	0	67	22098
00:54:01	0	0	67	22083
00:54:02	0	0	67	22068
00:54:03	0	0	67	22053
00:54:04	0	0	67	22037
00:54:05		0	67	22022
00:54:06		0	67	22007
00:54:07	0	0	67	21991
00:54:08	0	0	67	21976
00:54:09	0	0	67	21960
00:54:10	0	0	67	21945
00:54:11		0	67	21929
00:54:12		0	66	21913
00:54:13		0	66	21897
00:54:14		0	66	21881
00:54:16		0	66	21862
00:54:16		0	66	21849
00:54:17	0	0	66	21833
00:54:18	0	0	66	21817
00:54:19	0	0	66	21800
00:54:20	0	0	66	21783
00:54:21		0	66	21767
00:54:22		0	66	21750
00:54:23	0	0	66	21733
00:54:24	0	0	66	21716
00:54:25	0		66	21698
00:54:26			66	21682
00:54:27	0		66	21664
00:54:28	0	0	65	21644
00:54:29	0	0	65	21627
00:54:30	0		65	21609
00:54:31			65	21590
00:54:32			65	21570
00:54:33		0	65	21552
00:54:34		0	65	21533
00:54:35		0	65	21514
00:54:36	0		65	21495
00:54:37		0	65	21476
00:54:38		0	65	21457
00:54:39		0	65	21437
00:54:40		0	65	21418
00:54:41	0	0	65	21396
00:54:42	0		64	21382
00:54:43	0	0	64	21360
00:54:44	0	0	64	21339
00:54:45		0	64	21318
00:54:46		0	64	21298
00:54:47	0	0	64	21278
00:54:48	0	0	64	21257
00:54:49	0	0	64	21237
00:54:50	0	0	64	21216
00:54:51	0	0	64	21194
00:54:52	0	0	64	21173
00:54:53	0	0	64	21151
00:54:54	0	0	64	21129
00:54:55	0	0	64	21107
00:54:56	0	0	63	21085
00:54:57	0	0	63	21064
00:54:58	0	0	63	21040
00:54:59	0	0	63	21018
00:55:00	0	0	63	20993
00:55:01	0	0	63	20970
00:55:02	0	0	63	20947
00:55:03	0	0	63	20922
00:55:04	0	0	63	20898
00:55:05		0	63	20873
00:55:06		0	63	20848
00:55:07	0	0	63	20824
00:55:08	0	0	63	20799
00:55:09		0	63	20774
00:55:10		0	62	20750
00:55:11		0	62	20725
00:55:12		0	62	20700
00:55:13		0	62	20675
00:55:14		0	62	20649
00:55:15	0	0	62	20624
00:55:16	0	0	62	20598
00:55:17	0	0	62	20573
00:55:18	0	0	62	20546
00:55:19	0	0	62	20523
00:55:20	0	0	62	20495
00:55:21	0	0	62	20467
00:55:22	0	0	62	20441
00:55:23	0	0	62	20415
00:55:24	0	0	62	20388
00:55:25	0	0	62	20361
00:55:26	0	0	61	20334
00:55:27	0	0	61	20310
00:55:28	0	0	61	20279
00:55:29	0	0	61	20252
00:55:30	0	0	61	20225
00:55:31	0	0	61	20196
00:55:32	0	0	61	20169
00:55:33	0	0	61	20141
00:55:34	0	0	61	20113
00:55:35		0	61	20084
00:55:36		0	61	20055
00:55:37	0	0	61	20026
00:55:38	0	0	61	19997
00:55:39	0	0	61	19968
00:55:40	0	0	61	19940
00:55:41	0	0	61	19911
00:55:42	0	0	61	19883
00:55:43		0	60	19851
00:55:44		0	60	19822
00:55:45	0	0	60	19791
00:55:46	0	0	60	19762
00:55:47		0	60	19732
00:55:48		0	60	19701
00:55:49	0	0	60	19671
00:55:50	0	0	60	19641
00:55:51	0	0	60	19611
00:55:52	0	0	60	19581
00:55:53	0	0	60	19550
00:55:54	0	0	60	19519
00:55:55		0	60	19487
00:55:56		0	60	19458
00:55:57		0	60	19429
00:55:58		0	60	19396
00:55:59		0	60	19365
00:56:00		0	60	19334
00:56:01		0	60	19302
00:56:02		0	60	19271
00:56:03	0	0	60	19241
00:56:04	0	0	60	19209
00:56:05	0	0	59	19179
00:56:06	0	0	59	19145
00:56:07	0	0	59	19113
00:56:08	0	0	59	19081
00:56:09		0	59	19049
00:56:10		0	59	19018
00:56:11	0	0	59	18987
00:56:12	0	0	59	18956
00:56:13	0	0	59	18923
00:56:14	0	0	59	18893
00:56:15	0	0	59	18860
00:56:16	0	0	59	18829
00:56:17		0	59	18797
00:56:18		0	59	18764
00:56:19	0	0	59	18730
00:56:20	0	0	59	18701
00:56:21		0	59	18668
00:56:22		0	59	18637
00:56:23	0	0	59	18605
00:56:24	0	0	59	18573
00:56:25	0	0	59	18541
00:56:26	0	0	59	18509
00:56:28	0	0	59	18469
00:56:28	0	0	59	18445
00:56:29	0	0	59	18413
00:56:30	0	0	59	18381
00:56:31	0	0	59	18349
00:56:32	0	0	59	18318
00:56:33	0	0	59	18286
00:56:34	0	0	58	18254
00:56:35		0	58	18222
00:56:36	0	0	58	18190
00:56:37		0	58	18158
00:56:38		0	58	18125
00:56:39		0	58	18093
00:56:40		0	58	18062
00:56:41	0	0	58	18029
00:56:42	0	0	58	17998
00:56:43	0	0	58	17965
00:56:44	0	0	58	17932
00:56:45	0	0	58	17899
00:56:46	0	0	58	17867
00:56:47	0	0	58	17836
00:56:48	0	0	58	17803
00:56:49		0	58	17770
00:56:50		0	58	17738
00:56:51	0	0	58	17705
00:56:52	0	0	58	17673
00:56:53		0	58	17640
00:56:54		0	58	17608
00:56:55	0	0	58	17575
00:56:56	0	0	58	17543
00:56:57	0	0	58	17512
00:56:58	0	0	58	17476
00:56:59		0	58	17452
00:57:00		0	58	17422
00:57:01	0	0	58	17386
00:57:02	0	0	58	17353
00:57:03	0	0	58	17321
00:57:04	0	0	58	17283
00:57:05		0	58	17251
00:57:06		0	58	17217
00:57:07	0	0	58	17184
00:57:08	0	0	58	17150
00:57:09	0	0	58	17115
00:57:10	0		57	17080
00:57:11	0	0	57	17047
00:57:12	0	0	57	17013
00:57:13	0	0	57	16979
00:57:14	0	0	57	16947
00:57:15	0	0	57	16914
00:57:16	0	0	57	16878
00:57:17	0	0	57	16848
00:57:18	0	0	57	16815
00:57:19	0	0	57	16781
00:57:20	0	0	57	16750
00:57:21	0	0	57	16715
00:57:22	0	0	57	16682
00:57:23	0	0	57	16649
00:57:24	0	0	57	16615
00:57:25	0	0	57	16584
00:57:26	0	0	57	16551
00:57:27	0	0	57	16527
00:57:28	0	0	57	16484
00:57:29	0	0	57	16451
00:57:30	0	0	57	16418
00:57:31		0	57	16383
00:57:32		0	57	16349
00:57:33		0	57	16316
00:57:34		0	56	16282
00:57:35	0	0	56	16249
00:57:36	0	0	56	16216
00:57:37	0	0	56	16182
00:57:38	0	0	56	16146
00:57:39	0	0	56	16113
00:57:40	0	0	56	16080
00:57:41	0	0	56	16048
00:57:42	0	0	56	16018
00:57:43	0	0	56	15982
00:57:44	0	0	56	15947
00:57:45	0	0	56	15912
00:57:46	0	0	56	15877
00:57:47	0	0	56	15843
00:57:48	0	0	56	15811
00:57:49	0	0	56	15775
00:57:50	0	0	56	15741
00:57:51	0	0	56	15705
00:57:52	0	0	56	15670
00:57:53	0	0	56	15637
00:57:54	0	0	56	15601
00:57:55	0	0	55	15566
00:57:56	0	0	55	15528
00:57:57	0	0	55	15493
00:57:58	0	0	55	15458
00:57:59	0	0	55	15419
00:58:00	0	0	55	15386
00:58:01	0	0	55	15351
00:58:02	0	0	55	15316
00:58:03	0	0	55	15279
00:58:04	0	0	55	15244
00:58:05	0	0	55	15207
00:58:07	0	0	55	15161
00:58:07	0	0	55	15132
00:58:08	0	0	55	15093
00:58:09	0	0	55	15056
00:58:10	0	0	54	15020
00:58:11		0	54	14983
00:58:12		0	54	14949
00:58:13	0	0	54	14910
00:58:14	0	0	54	14873
00:58:15	0	0	54	14835
00:58:16	0	0	54	14797
00:58:17	0	0	54	14759
00:58:18	0	0	54	14721
00:58:19	0	0	54	14683
00:58:20	0	0	54	14644
00:58:21		0	54	14605
00:58:22	0	0	54	14566
00:58:23	0	0	54	14527
00:58:24	0	0	53	14486
00:58:25	0	0	53	14446
00:58:26	0	0	53	14407
00:58:27	07		53	14367
00:58:28	01	0	53	14326
00:58:29	0		53	14286
00:58:30	0	0	53	14245
00:58:31	0	0	53	14204
00:58:32	0		53	14164
00:58:33		0	53	14124
00:58:34	0	0	53	14082
00:58:35		0	53	14040
00:58:36	0		53	13998
00:58:37	0	0	52	13958
00:58:38	0	0	52	13916
00:58:39	0	0	52	13875
00:58:40	0	0	52	13833
00:58:41	0	0	52	13791
00:58:42	0	0	52	13751
00:58:43		0	52	13707
00:58:44		0	52	13665
00:58:45		0	52	13623
00:58:46		0	52	13580
00:58:47	0	0	52	13537
00:58:48	0	0	52	13495
00:58:49	0	0	52	13452
00:58:50	0	0	51	13408
00:58:51		0	51	13366
00:58:52		0	51	13322
00:58:53	0	0	51	13277
00:58:54	0	0	51	13231
00:58:55	0	0	51	13188
00:58:56	0	0	51	13142
00:58:57	0	0	51	13100
00:58:58	0	0	51	13053
00:58:59	0	0	51	13006
00:59:00	0	0	51	12960
00:59:01		0	51	12915
00:59:02		0	50	12868
00:59:03	0	0	50	12822
00:59:04	0	0	50	12766
00:59:05	0	0	50	12730
00:59:06	0	0	50	12682
00:59:07	0	0	50	12635
00:59:08	0	0	50	12588
00:59:09		0	50	12541
00:59:10		0	50	12493
00:59:11		0	50	12447
00:59:12		0	50	12400
00:59:13	0	0	50	12351
00:59:14	0	0	50	12304
00:59:15	0	0	49	12258
00:59:16	0	0	49	12210
00:59:17	0	0	49	12164
00:59:18	0	0	49	12114
00:59:19		0	49	12066
00:59:20		0	49	12020
00:59:21		0	49	11970
00:59:22		0	49	11922
00:59:23	0	0	49	11873
00:59:24	0	0	49	11825
00:59:25	0	0	49	11775
00:59:26	0	0	49	11728
00:59:27	0	0	48	11686
00:59:28	0	0	48	11630
00:59:29	0	0	48	11580
00:59:30	0	0	48	11532
00:59:31	0	0	48	11482
00:59:32	0	0	48	11432
00:59:33	0	0	48	11383
00:59:34	0	0	48	11333
00:59:35	0	0	48	11284
00:59:36	0	0	48	11235
00:59:37	0	0	48	11185
00:59:38	0	0	48	11135
00:59:39	0	0	48	11085
00:59:40	0	0	47	11035
00:59:41	0	0	47	10986
00:59:42	0	0	47	10936
00:59:43	0	0	47	10884
00:59:44	0	0	47	10834
00:59:45	0	0	47	10784
00:59:46	0	0	47	10733
00:59:47	0	0	47	10676
00:59:48	0	0	47	10633
00:59:49	0	0	47	10582
00:59:50	0	0	47	10533
00:59:51	0	0	47	10481
00:59:52	0	0	46	10431
00:59:53	0	0	46	10381
00:59:54	0	0	46	10330
00:59:55	0	0	46	10280
00:59:56	0	0	46	10229
00:59:57	0	0	46	10182
00:59:58	0	0	46	10129
00:59:59	0	0	46	10078
01:00:00	0	0	46	10025
01:00:01	0	0	46	9977
01:00:02	0	0	46	9926
01:00:03	0	0	46	9874
01:00:04	0	0	46	9825
01:00:05	0	0	45	9773
01:00:06	0	0	45	9721
01:00:07	0	0	45	9670
01:00:08	0	0	45	9619
01:00:09	0	0	45	9569
01:00:10	0	0	45	9518
01:00:11		0	45	9465
01:00:12		0	45	9415
01:00:13	0	0	45	9363
01:00:14	0	0	45	9312
01:00:15	0	0	45	9260
01:00:16	0	0	45	9209
01:00:17	0	0	44	9158
01:00:18	0	0	44	9105
01:00:19	0	0	44	9056
01:00:20	0	0	44	9004
01:00:21	0	0	44	8952
01:00:22	0	0	44	8901
01:00:23	0	0	44	8850
01:00:24	0	0	44	8800
01:00:25	0	0	44	8747
01:00:26	0	0	44	8695
01:00:27	0	0	44	8646
01:00:28	0	0	44	8591
01:00:29	0	0	43	8539
01:00:30	0	0	43	8487
01:00:31	0	0	43	8435
01:00:32	0	0	43	8383
01:00:33	0	0	43	8330
01:00:34	0	0	43	8278
01:00:35		0	43	8223
01:00:36	0	0	43	8171
01:00:37	0	0	43	8119
01:00:38	0	0	43	8063
01:00:39	0	0	43	8011
01:00:40	0	0	43	7958
01:00:41	0	0	42	7904
01:00:42	0	0	42	7855
01:00:43	0	0	42	7797
01:00:44	0	0	42	7744
01:00:45	0	0	42	7690
01:00:46	0	0	42	7636
01:00:47		0	42	7583
01:00:48		0	42	7529
01:00:49	0	0	42	7474
01:00:50	0	0	42	7415
01:00:51		0	42	7366
01:00:52	0	0	41	7308
01:00:53	0	0	41	7255
01:00:54	0	0	41	7201
01:00:55	0	0	41	7146
01:00:56	0	0	41	7083
01:00:57	0	0	41	7044
01:00:58	0	0	41	6983
01:00:59	0	0	41	6929
01:01:00	0	0	41	6875
01:01:01	0	0	41	6820
01:01:02	0	0	40	6767
01:01:03	0	0	40	6711
01:01:04	0	0	40	6657
01:01:05	0	0	40	6603
01:01:06	0	0	40	6547
01:01:07	0	0	40	6495
01:01:08	0	0	40	6441
01:01:09	0	0	40	6386
01:01:10	0	0	40	6334
01:01:11	0	0	39	6280
01:01:12	0	0	39	6227
01:01:13	0	0	39	6173
01:01:14	0	0	39	6118
01:01:15	0	0	39	6065
01:01:16	0	0	39	6011
01:01:17		0	39	5958
01:01:18		0	39	5905
01:01:19	0	0	39	5851
01:01:20	0	0	38	5796
01:01:21		0	38	5743
01:01:22		0	38	5688
01:01:23	0	0	38	5634
01:01:24	0	0	38	5578
01:01:25		0	38	5523
01:01:26		0	38	5468
01:01:27		0	38	5416
01:01:28		0	37	5360
01:01:29	0	0	37	5305
01:01:30	0	0	37	5252
01:01:31	0	0	37	5197
01:01:32	0	0	37	5142
01:01:33	0	0	37	5085
01:01:34	0	0	37	5032
01:01:35	0	0	36	4978
01:01:36	0	0	36	4923
01:01:37	0	0	36	4867
01:01:38	0	0	36	4812
01:01:39	0	0	36	4756
01:01:40	0	0	36	4703
01:01:41	0	0	36	4649
01:01:42	0	0	35	4599
01:01:43	0	0	35	4541
01:01:44	0	0	35	4486
01:01:45	0	0	35	4434
01:01:46		0	35	4379
01:01:47	0	0	35	4323
01:01:48	0	0	35	4270
01:01:49	0	0	34	4216
01:01:50	0	0	34	4161
01:01:51	0	0	34	4104
01:01:52	0	0	34	4051
01:01:53	0	0	34	3998
01:01:54	0	0	34	3941
01:01:55	0	0	33	3889
01:01:56	0	0	33	3834
01:01:57	0	0	33	3785
01:01:58	0	0	33	3726
01:01:59	0	0	33	3671
01:02:00	0	0	33	3618
01:02:01	0	0	32	3564
01:02:02	0	0	32	3510
01:02:03	0	0	32	3457
01:02:04	0	0	32	3406
01:02:05	0	0	32	3350
01:02:06	0	0	32	3299
01:02:07	0	0	31	3247
01:02:08	0	0	31	3193
01:02:09	0	0	31	3142
01:02:10	0	0	31	3086
01:02:11	0	0	31	3033
01:02:12	0	0	31	2982
01:02:13		0	30	2926
01:02:14	0	0	30	2870
01:02:15	0	0	30	2815
01:02:16	0		30	2763
01:02:17	0		30	2709
01:02:18	0	0	29	2656
01:02:19		0	29	2603
01:02:20	0	0	29	2550
01:02:21	0	0	29	2498
01:02:22	0	0	29	2446
01:02:24	0	0	29	2380
01:02:24	0	0	28	2345
01:02:25	0	0	28	2297
01:02:26	0	0	28	2249
01:02:27	0	0	28	2206
01:02:28	0		28	2155
01:02:29	0	0	27	2106
01:02:30	0	0	27	2058
01:02:31		0	27	2014
01:02:32	0	0	27	1968
01:02:33	0	0	27	1924
01:02:34	0	0	27	1879
01:02:35		0	26	1838
01:02:36	0	0	26	1797
01:02:37	0	0	26	1759
01:02:38	0	0	26	1719
01:02:39	0	0	26	1680
01:02:40	0	0	25	1644
01:02:41	0	0	25	1607
01:02:42		0	25	1573
01:02:43	0	0	25	1535
01:02:44	0	0	25	1500
01:02:45	0	0	24	1466
01:02:46	0	0	24	1433
01:02:47	0	0	24	1401
01:02:48	0	0	24	1372
01:02:49		0	24	1342
01:02:50	0	0	23	1315
01:02:51	0	0	23	1289
01:02:52	0	0	23	1261
01:02:53	0	0	23	1234
01:02:54	0	0	22	1208
01:02:55	0	0	22	1182
01:02:56	0	0	22	1157
01:02:57	0	0	22	1135
01:02:58	0	0	22	1110
01:02:59	0	0	21	1087
01:03:00		0	21	1067
01:03:01		0	21	1045
01:03:02	0	0	21	1024
01:03:03	0	0	21	1005
01:03:04	0	0	20	988
01:03:05	0	0	20	972
01:03:06	0	0	20	956
01:03:07	0	0	20	943
01:03:08	0	0	19	930
01:03:09	0	0	19	920
01:03:10	0	0	19	911
01:03:11		0	19	903
01:03:12	0	0	19	895
01:03:13	0	0	18	884
01:03:14	0	0	18	874
01:03:15		0	18	864
01:03:16		0	18	853
01:03:17	0	0	18	847
01:03:18	0	0	17	836
01:03:19	0	0	17	827
01:03:20	0	0	17	817
01:03:21	0	0	17	807
01:03:22	0	0	17	797
01:03:23	0	0	16	786
01:03:24	0	0	16	776
01:03:25	0	0	16	766
01:03:26	0	0	16	756
01:03:27	0	0	16	748
01:03:28	0	0	15	740
01:03:29	0	0	15	731
01:03:30	0	0	15	723
01:03:31	0	0	15	714
01:03:32	0	0	15	707
01:03:33	0	0	14	699
01:03:34	0	0	14	691
01:03:35		0	14	684
01:03:36		0	14	678
01:03:37	0	0	14	671
01:03:38	0	0	13	665
01:03:39	0	0	13	660
01:03:40	0	0	13	655
01:03:41	0	0	13	650
01:03:42	0	0	13	645
01:03:43	0	0	13	639
01:03:44	0	0	12	633
01:03:45	0	0	12	628
01:03:46	0	0	12	623
01:03:47	0	0	12	618
01:03:48	0	0	12	613
01:03:49	0	0	12	607
01:03:50	0	0	11	602
01:03:51	0	0	11	596
01:03:52	0	0	11	591
01:03:53	0	0	11	587
01:03:54	0	0	11	583
01:03:55	0	0	11	577
01:03:56	0	0	10	572
01:03:57		0	10	567
01:03:58		0	10	562
01:03:59	0	0	10	558
01:04:00	0	0	10	553
01:04:01	0	0	10	548
01:04:02	0	0	9	544
01:04:03	0	0	9	540
01:04:04	0	0	9	536
01:04:05	0	0	9	532
01:04:06	0	0	9	528
01:04:07	0	0	9	524
01:04:08	0	0	9	521
01:04:09	0	0	8	518
01:04:10		0	8	513
01:04:11	0	0	8	509
01:04:12	0	0	8	506
01:04:13	0	0	8	501
01:04:14	0	0	8	497
01:04:15		0	8	494
01:04:16	0	0	7	491
01:04:17		0	7	487
01:04:18	0	0	7	483
01:04:19	0	0	7	479
01:04:20	0	0	7	476
01:04:21	0	0	7	473
01:04:22	0	0	7	470
01:04:23	0	0	7	466
01:04:24	0	0	6	462
01:04:25	0	0	6	459
01:04:26	0	0	6	456
01:04:27	0	0	6	453
01:04:28	0	0	6	451
01:04:29	0	0	6	447
01:04:30	0	0	6	444
01:04:31	0	0	6	441
01:04:32	0	0	5	438
01:04:33	0	0	5	436
01:04:34	0	0	5	434
01:04:35	0	0	5	432
01:04:36	0	0	5	429
01:04:37	0	0	5	427
01:04:38		0	5	424
01:04:39	0	0	5	421
01:04:40	0	0	5	419
01:04:41	0	0	4	416
01:04:42	0	0	4	414
01:04:43	0	0	4	411
01:04:44	0	0	4	409
01:04:45	0	0	4	406
01:04:46	0	0	4	404
01:04:47	0	0	4	402
01:04:48	0	0	4	400
01:04:49	0	0		398
01:04:50	0	0	3	396
01:04:51	0	0	3	393
01:04:52	0	0	3	391
01:04:53	0	0	3	388
01:04:54	0	0		386
01:04:55		0	3	383
01:04:56	0	0	3	379
01:04:57		0	3	378
01:04:58		0	3	375
01:04:59	0	0	2	372
01:05:00	0	0	2	370
01:05:01	0	0	2	368
01:05:02	0	0	2	366
01:05:03	0	0	2	364
01:05:04	0	0	2	362
01:05:05	0	0	2	360
01:05:06	0	0	2	359
01:05:07	0	0	2	356
01:05:08	0	0	2	355
01:05:09	0	0	1	353
01:05:10	0	0	1	351
01:05:11	0	0	1	349
01:05:12	0	0	1	347
01:05:13	0	0	1	346
01:05:14	0	0	1	344
01:05:15	0	0	1	342
01:05:16	0	0	1	341
01:05:17	0	0	1	339
01:05:18	0	0	1	337
01:05:19	0	0	0	336
01:05:20	0	0	0	335
01:05:21	0	0	0	334
01:05:22	0	0	0	332
01:05:23	0	0	0	332
01:05:24			0	338
01:05:25	7	0	0	
01:05:26		0	0	312
01:05:27		0	0	288
01:05:28			0	233
01:05:29		0	0	189
01:05:30			0	153
01:05:31		0	0	114
01:05:32		0	0	77
01:05:33	0	0	0	56
01:05:34	0	0	0	57
01:05:35	0	0	0	57
01:05:36	0	0	0	52
01:05:37	0	0	0	42
01:05:38	0	0	0	45
01:05:39	0	0	0	48
01:05:40	0	0	0	42
01:05:41	0	0	0	21
01:05:42	0	0	0	8
01:05:43	0	0	0	7
01:05:44	0	0	0	7
01:05:45	0	0	0	14
01:05:46	0	0	0	28
01:05:47	0	0	0	35
01:05:48		0	0	9
01:05:49	0	0	0	7
01:05:50	0	0	0	7
01:05:51	0	0	0	8
01:05:52	0	0	0	8
01:05:53	0	0	0	8
01:05:54	0	0	0	8
01:05:55			0	8
01:05:56			0	8
01:05:57	0		0	8
01:05:58		0	0	8
01:05:59	0	0	0	8
01:06:00	0	0	0	8
01:06:01	0	0	0	8
01:06:02	0		0	8
01:06:03	0	0	0	8
01:06:04	0	0	0	8
01:06:05	0	0	0	8
01:06:06	0	0	0	8
01:06:07	0	0	0	8
01:06:08	0	0	0	8
01:06:09	0	0	0	8
01:06:10	0	0	0	8
01:06:11	0	0	0	8
01:06:12	0	0	0	8
01:06:13	0	0	0	8
01:06:14	0	0	0	8
01:06:15	0	0	0	8
01:06:16	0	0	0	8
01:06:17	0	0	0	8
01:06:18	0	0	0	8
01:06:19	0	0	0	8
01:06:20	0	0	0	8
01:06:21	0	0	0	8
01:06:22	0	0	0	8
01:06:23	0	0	0	8
01:06:24	0	0	0	8
01:06:25	0	0	0	8
01:06:26	0	0	0	8
01:06:27	0	0	0	8
01:06:28	0	0	0	8
01:06:29	0	0	0	8
01:06:30	0	0	0	8
01:06:31	0	0	0	8
01:06:32	0	0	0	8
01:06:33	0	0	0	8
01:06:34	0	0	0	8
01:06:35	0	0	0	8
01:06:36	0	0	0	8
01:06:37	0	0	0	8
01:06:38	0	0	0	8
01:06:39	0	0	0	8
01:06:40	0	0	0	8
01:06:41	0	0	0	8
01:06:42	0	0	0	8
01:06:43	0	0	0	8
01:06:44	0	0	0	8
01:06:45		0	0	8
01:06:46	0	0	0	8
01:06:47	0		0	8
01:06:48	0	0	0	8
01:06:49	0	0	0	8
01:06:50	0	0	0	8
01:06:51		0	0	8
01:06:52	0	0	0	8
01:06:53	0	0	0	8
01:06:54	0	0	0	8
01:06:55	0	0	0	8
01:06:56	0	0	0	8
01:06:57	0	0	0	8
01:06:58	0	0	0	8
01:06:59	0	0	0	8
01:07:00	0	0	0	8
01:07:01	0	0	0	8
01:07:02		0	0	8
01:07:03	0	0	0	8
01:07:04	0	0	0	8
01:07:05	0	0	0	8
01:07:06	0	0	0	8
01:07:07	0	0	0	8
01:07:08	0	0	0	8
01:07:09	0	0	0	8
01:07:10	0	0	0	8
01:07:11	0	0	0	8
01:07:12		0	0	8
01:07:13	0	0	0	8
01:07:14	0	0	0	8
01:07:15	0	0	0	8
01:07:16	0	0	0	8
01:07:17	0		0	8
01:07:18		0	0	8
01:07:19	0	0	0	8
01:07:20	0	0	0	8
01:07:21	0	0	0	8
01:07:22	0	0	0	8
01:07:23	0	0	0	8
01:07:24	0	0	0	8
01:07:25	0	0	0	8
01:07:26	0	0	0	8
01:07:27	0	0	0	8
01:07:28	0	0	0	8
01:07:29	0	0	0	8
01:07:30	0	0	0	8
01:07:31	0	0	0	8
01:07:32	0	0	0	8
01:07:33	0	0	0	8
01:07:34	0	0	0	8
01:07:35	0	0	0	8
01:07:36	0	0	0	8
01:07:37	0	0	0	8
01:07:38	0	0	0	8
01:07:39	0	0	0	8
01:07:40	0	0	0	8
01:07:41	0	0	0	8
01:07:42	0	0	0	8
01:07:43	0	0	0	8
01:07:44	0	0	0	8
01:07:45	0	0	0	8
01:07:46	0	0	0	8
01:07:47	0	0	0	8
01:07:48	0	0	0	8
01:07:49	0	0	0	8
01:07:50	0	0	0	8
01:07:51	0	0	0	8
01:07:52	0	0	0	8
