79	00:00:00	0	0	0	0
80	00:00:01	0	1	0	
81	00:00:02	0	2	0	0
82	00:00:03		9	0	10
83	00:00:04	0	29	0	20
84	00:00:05	0	45	0	46
85	00:00:06	0	62	0	62
86	00:00:07			0	73
87	00:00:08	0	97	0	97
88	00:00:09	0	116	0	114
89	00:00:10	0	134	0	133
90	00:00:11	0	152	0	151
91	00:00:12		1	0	176
92	00:00:13	0	189	0	188
93	00:00:14	0	207	0	
94	00:00:15	0	226		225
95	00:00:16	0	244	0	243
96	00:00:17	0	262	0	262
97	00:00:18	0	281	0	288
98	00:00:19	0	299		298
99	00:00:20	0	317		316
100	00:00:21	0	335	0	334
101	00:00:22	1	354	1	355
102	00:00:23		373		372
103	00:00:24	1	391		390
104	00:00:25		411	1	418
105	00:00:26	1	430	1	430
106	00:00:27	1	450	1	449
107	00:00:28	1	470	1	469
108	00:00:29	1	490	1	489
109	00:00:30	2	510	2	509
110	00:00:31	2	531	2	530
111	00:00:32	2	552	2	552
112	00:00:33	2	574	2	573
113	00:00:34	2	596	2	596
114	00:00:35	2	619	2	618
115	00:00:36	2	641	3	640
116	00:00:37	3	664	3	664
117	00:00:38	3	687	3	687
118	00:00:39	3	711	3	710
119	00:00:40	3	733	3	732
120	00:00:41	3	755	3	754
121	00:00:42	4	776		778
122	00:00:43	4	798	4	796
123	00:00:44	4	818	4	817
124	00:00:45	4	838	4	837
125	00:00:46	5	858	5	857
126	00:00:47	5	877	5	877
127	00:00:48	5	897	5	896
128	00:00:49	5	916	5	915
129	00:00:50	6	935	6	933
130	00:00:51	6	953	6	952
131	00:00:52	6	972	6	970
132	00:00:53	6	990	6	989
133	00:00:54	7	1007	7	1006
134	00:00:55	7	1023	7	1022
135	00:00:56	7	1039	7	1038
136	00:00:57	7	1054	7	1054
137	00:00:58	8	1071	8	1077
138	00:00:59	8	1089	8	1086
139	00:01:00	8	1107	8	1105
140	00:01:01	9	1126	9	1125
141	00:01:02	9	1145		1145
142	00:01:03	9	1166		1165
143	00:01:04	9	1187	9	1186
144	00:01:05	10	1208	10	1207
145	00:01:06	10	1230	10	1229
146	00:01:07	10	1251	10	1250
147	00:01:08	11	1274	11	1273
148	00:01:09	11	1297	11	1295
149	00:01:10	11	1320	11	1319
150	00:01:11	12	1344	12	1343
151	00:01:12	12	1370	12	1369
152	00:01:13	12	1395	12	1394
153	00:01:14	13	1422	13	1420
154	00:01:15	13	1448	13	1447
155	00:01:16	14	1476	14	1474
156	00:01:17	14	1503	14	1502
157	00:01:18	14	1532	14	1531
158	00:01:19	15	1561	15	1560
159	00:01:20	15	1590	15	1589
160	00:01:21	15	1619	15	1619
161	00:01:22	16	1652	16	1650
162	00:01:23	16	1683	16	1682
163	00:01:23	16	1694	16	1693
164	00:01:25	17	1747	17	1745
165	00:01:26	18	1784	18	1782
166	00:01:27	18	1818	18	1817
167	00:01:28	18	1854	18	1852
168	00:01:29	19	1890	19	1889
169	00:01:30	19	1925	19	1924
170	00:01:31	20	1963	20	1962
171	00:01:32	20	2002	20	2000
172	00:01:33	21	2041	21	2040
173	00:01:34	21	2081	21	2079
174	00:01:35	22	2122	22	2120
175	00:01:36	22	2164	22	2162
176	00:01:37	23	2206	23	2204
177	00:01:38	23	2249	23	2247
178	00:01:39	24	2293	24	2292
179	00:01:40	24	2336	24	2335
180	00:01:41	25	2381	25	2380
181	00:01:42	25	2427	25	2425
182	00:01:43	26	2473	26	2471
183	00:01:44	26	2520	26	2517
184	00:01:45	27	2566	27	2565
185	00:01:46	27	2616	28	2673
186	00:01:47	28	2664	28	2663
187	00:01:48	29	2714	29	2712
188	00:01:49	29	2764	29	2762
189	00:01:50	30	2813	30	2812
190	00:01:51	30	2864	30	2863
191	00:01:52	31	2915	31	2914
192	00:01:53	32	2969	32	2967
193	00:01:54	32	3022	32	3019
194	00:01:55	33	3075		3073
195	00:01:56	33	3128		3126
196	00:01:57	34	3182	34	3179
197	00:01:58	35	3235	35	3233
198	00:01:59	35	3289	35	3287
199	00:02:00	36	3342	36	3340
200	00:02:01	37	3396	37	3395
201	00:02:02	37	3451	37	3449
202	00:02:03	38	3503	38	3500
203	00:02:04	39	3557	38	3554
204	00:02:05	39	3611	39	3603
205	00:02:06	40	3666	40	3664
206	00:02:07	41	3720	41	3718
207	00:02:08	41	3775	41	3773
208	00:02:09	42	3831	42	3828
209	00:02:10	43	3885	43	3883
210	00:02:11	43	3940	43	3938
211	00:02:12	44	3997	44	3995
212	00:02:13	45	4053	45	4051
213	00:02:14	45	4107	45	4104
214	00:02:15	46	4163	46	4161
215	00:02:16	47	4219	47	4217
216	00:02:17	48	4275	48	4273
217	00:02:18	48	4332	48	4330
218	00:02:19	49	4392	49	4390
219	00:02:20	50	4446	50	4444
220	00:02:21	51	4504	51	4501
221	00:02:22	51	4561	51	4559
222	00:02:23	52	4616	52	4613
223	00:02:24	53	4675	53	4672
224	00:02:25	54	4732	54	4729
225	00:02:26	54	4790	54	4787
226	00:02:27	55	4848	55	4845
227	00:02:28	56	4905	56	4963
228	00:02:29	57	4963	57	4961
229	00:02:30	58	5021	57	5019
230	00:02:31	58	5079	58	5077
231	00:02:32	59	5138	59	5136
232	00:02:33	60	5196	60	5194
233	00:02:34	61	5255	60	5253
234	00:02:35	61	5313	61	5311
235	00:02:36	62	5374	62	5372
236	00:02:37	63	5431	63	5429
237	00:02:38	64	5491	64	5489
238	00:02:39	64	5552	64	5550
239	00:02:40	65	5613	65	5618
240	00:02:41	66	5675	66	5672
241	00:02:42	67	5729	67	5727
242	00:02:43	68	5750	67	5750
243	00:02:44	68	5744	68	5745
244	00:02:45	69	5734	69	5734
245	00:02:46	70	5723	70	5723
246	00:02:47	70	5712	70	5713
247	00:02:48	71	5686	71	5711
248	00:02:49	72	5663	72	5719
249	00:02:50	73	5661	72	5729
250	00:02:51	73	5661	73	5744
251	00:02:52	74	5658	74	5763
252	00:02:53	75	5666	75	5780
253	00:02:54	75	5691	75	5798
254	00:02:55	76	5694	76	5817
255	00:02:56	77	5677	77	5835
256	00:02:57	78	5628	77	5854
257	00:02:58	78	5560	78	5874
258	00:02:59	79	5467	79	5894
259	00:03:00	80	5359	79	5913
260	00:03:01	81	5245	80	5934
261	00:03:02	81	5141	81	5953
262	00:03:03	82	5038	81	5973
263	00:03:04	83	4930	82	5994
264	00:03:05	83	4825	83	6015
265	00:03:06	84		83	6036
266	00:03:07	85	4610	84	6057
267	00:03:08	85	4506	85	6079
268	00:03:09	86	4404	85	6099
269	00:03:10	87	4300	86	6121
270	00:03:11	87	4195	87	6144
271	00:03:12		4089	87	6167
272	00:03:13	89	3984		6189
273	00:03:14	89	3875		6212
274	00:03:15	90	3764	89	6235
275	00:03:16	90	3662	90	6258
276	00:03:17	91	3545	90	6282
277	00:03:18	91	3436	91	6305
278	00:03:19	92	3322	91	6330
279	00:03:20		3211	92	6354
280	00:03:21	93	3099	93	6379
281	00:03:22	94	2988	93	6404
282	00:03:23	94	2876	94	6428
283	00:03:24	95	2720	94	6452
284	00:03:25	95	2649	95	6479
285	00:03:26	96	2539	95	6504
286	00:03:27	96	2428	96	6530
287	00:03:28	97	2319	97	6556
288	00:03:29	97	2210	97	6581
289	00:03:30	98	2097	98	6608
290	00:03:31	98		98	6635
291	00:03:32	98	1830	99	6661
292	00:03:33	99		99	6687
293	00:03:34	99	1675	100	6714
294	00:03:35	99	1570	100	6741
295	00:03:36		1478	101	6767
296	00:03:37		1290	101	6794
297	00:03:38		1207	102	6822
298	00:03:39			103	6851
299	00:03:40			103	6878
300	00:03:41			104	6906
301	00:03:42			104	6933
302	00:03:43	102	1048	104	6962
303	00:03:44	102		105	6990
304	00:03:45	103	1000	105	7018
305	00:03:46	103	976	106	7048
306	00:03:47	103	951	106	7077
307	00:03:48	103	921	107	7105
308	00:03:49	104	890	107	7134
309	00:03:50	104	858	108	7163
310	00:03:51	104	827	108	7193
311	00:03:52	104	794	109	7225
312	00:03:53	104	762	109	7254
313	00:03:54	105	731	110	7284
314	00:03:55	105	702	110	7314
315	00:03:56	105	671	111	7344
316	00:03:57	105	640	111	7376
317	00:03:58	105	611	111	7407
318	00:03:59	105	581	112	7439
319	00:04:00	106	552	112	7470
320	00:04:01	106	524	113	7501
321	00:04:02	106	498	113	7531
322	00:04:03	106	471	114	7562
323	00:04:04	106	446	114	7594
324	00:04:05	106	421	114	7626
325	00:04:06	106	399	115	7658
326	00:04:07	106	379	115	7689
327	00:04:08	106	360	116	7722
328	00:04:09	106	344	116	7755
329	00:04:10	106	331	116	7787
330	00:04:11	106	320	117	7821
331	00:04:12	106	312	117	7853
332	00:04:13	106	308	118	7885
333	00:04:14	106	308	118	7920
334	00:04:15	106	311	118	7953
335	00:04:16	106	318	119	7984
336	00:04:17	106	328	119	8019
337	00:04:18	106	341	119	8052
338	00:04:19	106	356	120	8085
339	00:04:20	106	372	120	8113
340	00:04:21	106	378	120	8123
341	00:04:22	106	419	121	8189
342	00:04:23	106	443	121	8224
343	00:04:24	106	468	122	8259
344	00:04:25	106	495	122	8295
345	00:04:26	106	522	122	8330
346	00:04:27	105	550	123	8366
347	00:04:28	105	578	123	8402
348	00:04:29	105	607	123	8438
349	00:04:30	105	636	124	8474
350	00:04:31	105	666	124	8510
351	00:04:32	105	697	124	8547
352	00:04:33	105	727	125	8584
353	00:04:34	104	758	125	8621
354	00:04:35	104	790	125	8660
355	00:04:36	104	821	126	8698
356	00:04:37	104	853	126	8735
357	00:04:38	103	884	126	8773
358	00:04:39	103	916	126	8811
359	00:04:40	103	948	127	8849
360	00:04:41	103	978	127	8885
361	00:04:42	102	1013	127	8926
362	00:04:43	102	1045	128	8965
363	00:04:44	102	1077	128	9003
364	00:04:45	102	1110	128	9043
365	00:04:46	101	1143	129	9082
366	00:04:47	101	1176	129	9122
367	00:04:48	101	1206	129	9159
368	00:04:49	100	1240	129	9202
369	00:04:50	100	1271	130	9239
370	00:04:51	100	1306	130	9283
371	00:04:52	99	1338	130	9323
372	00:04:53	99	1370	130	9362
373	00:04:54	99	1402	131	9403
374	00:04:55	98	1438	131	9446
375	00:04:56	98	1471	131	9488
376	00:04:57	97	1504	131	9529
377	00:04:58	97	1536	132	9570
378	00:04:59	97	1570	132	9612
379	00:05:00	96	1604	132	9656
380	00:05:01	96	1637	132	9698
381	00:05:02	95	1671	133	9742
382	00:05:03	95	1705	133	9785
383	00:05:04	94	1738	133	9829
384	00:05:05	94	1772	133	9873
385	00:05:06	93	1805	134	9917
386	00:05:07	93	1837	134	9959
387	00:05:08	92	1872	134	10005
388	00:05:09	92	1904	134	10048
389	00:05:10	91	1938	134	10093
390	00:05:11	91	1973	135	10140
391	00:05:12	90	2007	135	10185
392	00:05:13	90	2039	135	10229
393	00:05:14	89	2075	135	10276
394	00:05:15		2108	135	10320
395	00:05:16		2142	136	10368
396	00:05:17	87	2175	136	10413
397	00:05:18	87	2210	136	10461
398	00:05:19	86	2244	136	10508
399	00:05:20	85	2277	136	10553
400	00:05:21	85	2311	137	10600
401	00:05:22	84	2345	137	10647
402	00:05:23	83	2380	137	10697
403	00:05:24	83	2414	137	10746
404	00:05:25	82	2445	137	10790
405	00:05:26	82	2481	137	10841
406	00:05:27	81	2515	138	10888
407	00:05:28	80	2549	138	10938
408	00:05:29	79	2582	138	10985
409	00:05:30	79	2618	138	11037
410	00:05:31	78	2652	138	11087
411	00:05:32	77	2686	138	11137
412	00:05:33	76	2720	139	11187
413	00:05:34	76	2754	139	11238
414	00:05:35	75	2788	139	11288
415	00:05:36	74	2821	139	11338
416	00:05:37	73	2855	139	11389
417	00:05:38	73	2891	139	11443
418	00:05:39	72	2926	139	11497
419	00:05:40	71	2960	140	11548
420	00:05:41	70	2995	140	11603
421	00:05:42	69	3028	140	11653
422	00:05:43	69	3064	140	11709
423	00:05:44	68	3098	140	11762
424	00:05:45	67	3132	140	11815
425	00:05:46	66	3167	140	11870
426	00:05:47	65	3201	140	11924
427	00:05:48	64	3235	141	11978
428	00:05:49	63	3270	141	12033
429	00:05:50	62	3303	141	12086
430	00:05:51	62		141	12141
431	00:05:52	61	3373	141	12199
432	00:05:53	60	3405	141	12253
433	00:05:54	59	3440	141	12310
434	00:05:55	58	3474	141	12367
435	00:05:56	57	3508	141	12423
436	00:05:57	56	3544	141	12483
437	00:05:58	55	3575	142	12536
438	00:05:59	54	3610	142	12594
439	00:06:00	53	3645	142	12654
440	00:06:01	52	3678	142	12711
441	00:06:02	51	3713	142	12772
442	00:06:03	50	3746	142	12829
443	00:06:04	49	3781	142	12891
444	00:06:05	48	3813	142	12949
445	00:06:06	47	3848	142	13011
446	00:06:07	46	3882	142	13072
447	00:06:08	45	3916	142	13132
448	00:06:09	43	3948	142	13191
449	00:06:10	42	3982	142	13255
450	00:06:11	41	4015	143	13316
451	00:06:12	40	4049	143	13381
452	00:06:13	39	4080	143	13442
453	00:06:14	38	4113	143	13507
454	00:06:15	37	4145	143	13570
455	00:06:16	35	4175	143	13633
456	00:06:17	34	4202	143	13693
457	00:06:18	33	4231	143	13760
458	00:06:19	32	4257	143	13826
459	00:06:20	31	4281	143	13892
460	00:06:21	30	4301	143	13956
461	00:06:22	28	4318	143	14022
462	00:06:23	27	4331	143	14088
463	00:06:24	26	4338	143	14155
464	00:06:25	25	4340	143	14220
465	00:06:26	24	4335	143	14287
466	00:06:27	22	4320	143	14355
467	00:06:28	21	4295	143	14423
468	00:06:29	20	4258	143	14491
469	00:06:30	19	4207	143	14556
470	00:06:31	18	4133	143	14629
471	00:06:32	17	4050	144	14696
472	00:06:33	16	3945	144	14766
473	00:06:34	14	3825	144	14838
474	00:06:35	13	3688	144	14908
475	00:06:36	12	3525	144	14982
476	00:06:37	11	3364	144	15052
477	00:06:38	11	3186	144	15127
478	00:06:39	10	3011	144	15199
479	00:06:40	9	2842	144	15273
480	00:06:41	8	2681	144	15346
481	00:06:42	7	2524	144	15420
482	00:06:43	7	2374	144	15494
483	00:06:44	6	2242	144	15566
484	00:06:45	5	2095	144	15648
485	00:06:46	5	1965	144	15724
486	00:06:47	4	1840	144	15801
487	00:06:48	4	1738	144	15875
488	00:06:49	3	1637	144	15953
489	00:06:50	3	1553	144	16032
490	00:06:51	2	1473	144	16112
491	00:06:52	2	1413	144	16188
492	00:06:53	2	1360	144	16266
493	00:06:54	1	1320	144	16347
494	00:06:55	1	1272	144	16428
495	00:06:56	1	1224	144	16509
496	00:06:57	0	1174	144	16591
497	00:06:58	0	1126	144	16673
498	00:06:59	0	1112	144	16756
499	00:07:00	0	1111	144	16840
500	00:07:01	0	1112	144	16924
501	00:07:02	0	1112	144	17009
502	00:07:03	0	1112	144	17092
503	00:07:04	0	1112	144	17177
504	00:07:05	0	1112	144	17259
505	00:07:06	0	1112	144	17350
506	00:07:07	0	1112	144	17438
507	00:07:08	0	1112	144	17525
508	00:07:09	0	1112	144	17614
509	00:07:10	0	1112	144	17705
510	00:07:11	0	1112	144	17795
511	00:07:12	0	1112	144	17886
512	00:07:13	0	1112	144	17977
513	00:07:14	0	1112	144	18071
514	00:07:15	0	1112	144	18164
515	00:07:16	0	1112	144	18259
516	00:07:17	0	1112	144	18349
517	00:07:18	0	1112	144	18449
518	00:07:19	0	1112	144	18549
519	00:07:20	0	1112	144	18642
520	00:07:21	0	1112	144	18742
521	00:07:22	0	1112	144	18841
522	00:07:23	0	1112	144	18941
523	00:07:24	0	1112	144	19040
524	00:07:25	0	1112	144	19141
525	00:07:26	0	1112	144	19243
526	00:07:27	0	1112	144	19346
527	00:07:28	0	1112	144	19449
528	00:07:29	0	1112	144	19553
529	00:07:30	0	1112	144	19658
530	00:07:31	0	1112	144	19764
531	00:07:32	0	1112	144	19870
532	00:07:33	0	1112	144	19978
533	00:07:34	0	1112	144	20084
534	00:07:35	0	1112	144	20194
535	00:07:36	0	1112	144	20300
536	00:07:37	0	1112	144	20411
537	00:07:38	0	1112	144	20521
538	00:07:39	0	1112	144	20634
539	00:07:40	0	1112	144	20748
540	00:07:41	0	1112	144	20862
541	00:07:42	0	1112	144	20978
542	00:07:43	0	1112	144	21096
543	00:07:44	0	1112	145	21212
544	00:07:45	0	1112	145	21331
545	00:07:46	0	1112	145	21449
546	00:07:47	0	1112	145	21572
547	00:07:48	0	1112	145	21691
548	00:07:49			145	21817
549	00:07:50			145	21940
550	00:07:51			145	22064
551	00:07:52			145	22193
552	00:07:53			145	22317
553	00:07:54			145	22439
554	00:07:55			145	22563
555	00:07:56			145	22684
556	00:07:57			145	22805
557	00:07:58			145	22933
558	00:07:59			145	23056
559	00:08:00			145	23179
560	00:08:01			145	23297
561	00:08:02			146	23425
562	00:08:03			146	23548
563	00:08:04			146	23671
564	00:08:05			146	23794
565	00:08:06			146	23917
566	00:08:07			146	24039
567	00:08:08			146	24163
568	00:08:09			146	24289
569	00:08:10			146	24404
570	00:08:11			146	24527
571	00:08:12			146	24650
572	00:08:13			147	24774
573	00:08:14			147	24896
574	00:08:15			147	25020
575	00:08:16			147	25139
576	00:08:17			147	25266
577	00:08:18			147	25390
578	00:08:19			147	25511
579	00:08:20			147	25632
580	00:08:21			147	25704
581	00:08:22			148	25762
582	00:08:23			148	25818
583	00:08:24			148	25875
584	00:08:25			148	25934
585	00:08:26			148	25991
586	00:08:27			148	26047
587	00:08:28			148	26104
588	00:08:29			149	26159
589	00:08:30			149	26218
590	00:08:31			149	26276
591	00:08:32			149	26334
592	00:08:33			149	26393
593	00:08:34			149	26451
594	00:08:35			150	26483
595	00:08:36		4	150	26486
596	00:08:37			150	26486
597	00:08:38			150	26486
598	00:08:39			150	26485
599	00:08:40			150	26484
600	00:08:41			150	26484
601	00:08:42			151	26483
602	00:08:43			151	26482
603	00:08:44			151	26482
604	00:08:45			151	26481
605	00:08:46			151	26481
606	00:08:47			151	26480
607	00:08:48	7		152	26479
608	00:08:49	4		152	26479
609	00:08:50			152	26478
610	00:08:51			152	26478
611	00:08:52			152	26477
612	00:08:53		7	152	26476
613	00:08:54			152	26476
614	00:08:55		4	153	26475
615	00:08:56			153	26475
616	00:08:57			153	26474
617	00:08:58			153	26474
618	00:08:59		7	153	26473
619	00:09:00	4		153	26472
620	00:09:01			154	26472
621	00:09:02			154	26471
622	00:09:03			154	26470
623	00:09:04			154	26470
624	00:09:05			154	26469
625	00:09:06			154	26469
626	00:09:07			154	26468
627	00:09:08			155	26467
628	00:09:09			155	26467
629	00:09:10			155	26466
630	00:09:11			155	26466
631	00:09:12			155	26465
632	00:09:13			155	26465
633	00:09:14			155	26464
634	00:09:15			156	26463
635	00:09:16			156	26463
636	00:09:17			156	26462
637	00:09:18			156	26462
638	00:09:19			156	26461
639	00:09:20		1	156	26460
640	00:09:21			157	26460
641	00:09:22			157	26459
642	00:09:23			157	26458
643	00:09:24			157	26458
644	00:09:25	7		157	26457
645	00:09:26			157	26457
646	00:09:27			157	26456
647	00:09:28			158	26456
648	00:09:29			158	26455
649	00:09:30	7		158	26454
650	00:09:31			158	26454
651	00:09:32			158	26453
652	00:09:33			158	26452
653	00:09:34			158	26452
654	00:09:35		1	159	26451
655	00:09:36			159	26451
656	00:09:37		7	159	26450
657	00:09:38			159	26449
658	00:09:39			159	26449
659	00:09:40			159	26448
660	00:09:41			160	26448
661	00:09:42			160	26447
662	00:09:43			160	26446
663	00:09:44			160	26446
664	00:09:45			160	26445
665	00:09:46			160	26444
666	00:09:47			160	26444
667	00:09:48			161	26443
668	00:09:49		7	161	26442
669	00:09:50			161	26442
670	00:09:51		7	161	26441
671	00:09:52			161	26441
672	00:09:53			161	26440
673	00:09:54		7	161	26439
674	00:09:55			162	26439
675	00:09:56			162	26438
676	00:09:57			162	26438
677	00:09:58			162	26437
678	00:09:59		7	162	26437
679	00:10:00			162	26436
680	00:10:01		7	162	26435
681	00:10:02			163	26435
682	00:10:03			163	26434
683	00:10:04			163	26433
684	00:10:05			163	26433
685	00:10:06			163	26432
686	00:10:07	7		163	26431
687	00:10:08			164	26431
688	00:10:09			164	26430
689	00:10:10			164	26430
690	00:10:11			164	26429
691	00:10:12			164	26428
692	00:10:13			164	26428
693	00:10:14			164	26427
694	00:10:15			165	26427
695	00:10:16			165	26426
696	00:10:17			165	26425
697	00:10:18			165	26425
698	00:10:19			165	26424
699	00:10:20			165	26424
700	00:10:21			165	26423
701	00:10:22			166	26422
702	00:10:23			166	26422
703	00:10:24			166	26421
704	00:10:25	7		166	26421
705	00:10:26			166	26420
706	00:10:27			166	26419
707	00:10:28			166	26419
708	00:10:29			167	26418
709	00:10:30			167	26418
710	00:10:31			167	26417
711	00:10:32			167	26416
712	00:10:33			167	26416
713	00:10:34			167	26415
714	00:10:35			167	26415
715	00:10:36			168	26414
716	00:10:37			168	26413
717	00:10:38			168	26413
718	00:10:39			168	26412
719	00:10:40			168	26412
720	00:10:41		7	168	26411
721	00:10:42			168	26410
722	00:10:43			169	26410
723	00:10:44			169	26409
724	00:10:45	7		169	26408
725	00:10:46			169	26408
726	00:10:47		7	169	26407
727	00:10:48			169	26407
728	00:10:49			169	26406
729	00:10:50			170	26405
730	00:10:51			170	26405
731	00:10:52			170	26404
732	00:10:53			170	26404
733	00:10:54			170	26403
734	00:10:55			170	26403
735	00:10:56			170	26402
736	00:10:57			170	26401
737	00:10:58	7		171	26401
738	00:10:59			171	26400
739	00:11:00			171	26399
740	00:11:01			171	26399
741	00:11:02	77	4	171	26398
742	00:11:03			171	26398
743	00:11:04			171	26397
744	00:11:05			172	26397
745	00:11:06			172	26396
746	00:11:07			172	26395
747	00:11:08			172	26395
748	00:11:09			172	26394
749	00:11:10			172	26393
750	00:11:11			172	26393
751	00:11:12			173	26392
752	00:11:13			173	26391
753	00:11:14			173	26391
754	00:11:15			173	26390
755	00:11:16			173	26390
756	00:11:17			173	26389
757	00:11:18			173	26389
758	00:11:19			174	26388
759	00:11:20			174	26387
760	00:11:21	7		174	26387
761	00:11:22			174	26386
762	00:11:23			174	26386
763	00:11:24		4	174	26385
764	00:11:25			174	26384
765	00:11:26			175	26384
766	00:11:27			175	26383
767	00:11:28			175	26383
768	00:11:29			175	26382
769	00:11:30			175	26382
770	00:11:31			175	26381
771	00:11:32			175	26380
772	00:11:33			175	26380
773	00:11:34		4	176	26379
774	00:11:35			176	26378
775	00:11:36			176	26378
776	00:11:37			176	26377
777	00:11:38			176	26377
778	00:11:39			176	26376
779	00:11:40			176	26376
780	00:11:41			177	26375
781	00:11:42	1	7	177	26374
782	00:11:43			177	26374
783	00:11:44			177	26373
784	00:11:45			177	26373
785	00:11:46			177	26372
786	00:11:47			177	26372
787	00:11:48			178	26371
788	00:11:49			178	26370
789	00:11:50	7		178	26370
790	00:11:51			178	26369
791	00:11:52			178	26368
792	00:11:53			178	26368
793	00:11:54			178	26367
794	00:11:55		3	178	26367
795	00:11:56			179	26366
796	00:11:57			179	26366
797	00:11:58			179	26365
798	00:11:59			179	26365
799	00:12:00	7		179	26364
800	00:12:01			179	26364
801	00:12:02			179	26363
802	00:12:03			179	26362
803	00:12:04			180	26362
804	00:12:05			180	26361
805	00:12:06			180	26361
806	00:12:07			180	26360
807	00:12:08			180	26359
808	00:12:09			180	26359
809	00:12:10			180	26358
810	00:12:11			181	26358
811	00:12:12			181	26357
812	00:12:13			181	26356
813	00:12:14			181	26356
814	00:12:15			181	26355
815	00:12:16			181	26355
816	00:12:17			181	26354
817	00:12:18			181	26354
818	00:12:19		1	182	26353
819	00:12:20		1	182	26352
820	00:12:21		1	182	26352
821	00:12:22		1	182	26351
822	00:12:23		7	182	26351
823	00:12:24		1	182	26350
824	00:12:25			182	26350
825	00:12:26			183	26349
826	00:12:27			183	26348
827	00:12:28			183	26348
828	00:12:29			183	26347
829	00:12:30			183	26347
830	00:12:31			183	26346
831	00:12:32			183	26346
832	00:12:33			183	26345
833	00:12:34			184	26345
834	00:12:35			184	26344
835	00:12:36			184	26343
836	00:12:37			184	26343
837	00:12:38			184	26342
838	00:12:39			184	26342
839	00:12:40			184	26341
840	00:12:41			184	26341
841	00:12:42			185	26340
842	00:12:43			185	26339
843	00:12:44			185	26339
844	00:12:45			185	26338
845	00:12:46			185	26338
846	00:12:47			185	26337
847	00:12:48			185	26337
848	00:12:49			185	26336
849	00:12:50			186	26336
850	00:12:51			186	26335
851	00:12:52			186	26334
852	00:12:53			186	26334
853	00:12:54			186	26333
854	00:12:55			186	26333
855	00:12:56			186	26332
856	00:12:57			186	26331
857	00:12:58			187	26331
858	00:12:59			187	26331
859	00:13:00			187	26330
860	00:13:01			187	26329
861	00:13:02			187	26329
862	00:13:03			187	26328
863	00:13:04			187	26328
864	00:13:05			187	26327
865	00:13:06			188	26327
866	00:13:07			188	26326
867	00:13:08			188	26325
868	00:13:09			188	26325
869	00:13:10			188	26324
870	00:13:11			188	26324
871	00:13:12			188	26323
872	00:13:13			188	26323
873	00:13:14			189	26322
874	00:13:15			189	26322
875	00:13:16			189	26321
876	00:13:17			189	26320
877	00:13:18			189	26320
878	00:13:19			189	26320
879	00:13:20			189	26319
880	00:13:21			189	26318
881	00:13:22			190	26318
882	00:13:23			190	26317
883	00:13:24			190	26317
884	00:13:25			190	26316
885	00:13:26			190	26316
886	00:13:27			190	26315
887	00:13:28			190	26315
888	00:13:29			190	26314
889	00:13:30			191	26313
890	00:13:31			191	26313
891	00:13:32			191	26312
892	00:13:33			191	26312
893	00:13:34			191	26311
894	00:13:35			191	26311
895	00:13:36			191	26310
896	00:13:37			191	26310
897	00:13:38			191	26309
898	00:13:39			192	26309
899	00:13:40			192	26308
900	00:13:41			192	26308
901	00:13:42			192	26307
902	00:13:43			192	26306
903	00:13:44			192	26306
904	00:13:45			192	26305
905	00:13:46			192	26305
906	00:13:47			193	26304
907	00:13:48			193	26304
908	00:13:49			193	26303
909	00:13:50			193	26303
910	00:13:51			193	26302
911	00:13:52			193	26302
912	00:13:53			193	26301
913	00:13:54			193	26301
914	00:13:55			193	26300
915	00:13:56			194	26299
916	00:13:57			194	26299
917	00:13:58			194	26299
918	00:13:59			194	26298
919	00:14:00			194	26297
920	00:14:01			194	26297
921	00:14:02			194	26296
922	00:14:03			194	26296
923	00:14:04			195	26295
924	00:14:05			195	26295
925	00:14:06			195	26294
926	00:14:07			195	26294
927	00:14:08			195	26293
928	00:14:09			195	26293
929	00:14:10			195	26292
930	00:14:11			195	26292
931	00:14:12			195	26291
932	00:14:13			196	26291
933	00:14:14			196	26290
934	00:14:15			196	26290
935	00:14:16			196	26289
936	00:14:17			196	26288
937	00:14:18			196	26288
938	00:14:19			196	26288
939	00:14:20			196	26287
940	00:14:21		4	196	26287
941	00:14:22			197	26286
942	00:14:23			197	26285
943	00:14:24			197	26285
944	00:14:25			197	26285
945	00:14:26			197	26284
946	00:14:27			197	26283
947	00:14:28			197	26283
948	00:14:29			197	26282
949	00:14:30			197	26282
950	00:14:31			198	26282
951	00:14:32			198	26281
952	00:14:33			198	26281
953	00:14:34			198	26280
954	00:14:35			198	26279
955	00:14:36			198	26279
956	00:14:37			198	26279
957	00:14:38			198	26278
958	00:14:39			198	26278
959	00:14:40			199	26277
960	00:14:41			199	26276
961	00:14:42			199	26276
962	00:14:43			199	26275
963	00:14:44			199	26275
964	00:14:45			199	26275
965	00:14:46			199	26274
966	00:14:47			199	26274
967	00:14:48			199	26273
968	00:14:49			200	26272
969	00:14:50			200	26272
970	00:14:51			200	26271
971	00:14:52			200	26271
972	00:14:53			200	26270
973	00:14:54			200	26270
974	00:14:55			200	26269
975	00:14:56			200	26269
976	00:14:57			200	26268
977	00:14:58			201	26268
978	00:14:59			201	26268
979	00:15:00			201	26267
980	00:15:01			201	26267
981	00:15:02			201	26266
982	00:15:03			201	26266
983	00:15:04			201	26265
984	00:15:05			201	26265
985	00:15:06			201	26264
986	00:15:07			202	26264
987	00:15:08			202	26263
988	00:15:09			202	26263
989	00:15:10			202	26262
990	00:15:11			202	26262
991	00:15:12			202	26261
992	00:15:13			202	26261
993	00:15:14			202	26260
994	00:15:15			202	26260
995	00:15:16			202	26259
996	00:15:17			203	26259
997	00:15:18			203	26258
998	00:15:19			203	26258
999	00:15:20			203	26258
1000	00:15:21			203	26257
1001	00:15:22			203	26257
1002	00:15:23			203	26256
1003	00:15:24			203	26256
1004	00:15:25			203	26255
1005	00:15:26			204	26255
1006	00:15:27			204	26254
1007	00:15:28			204	26254
1008	00:15:29			204	26253
1009	00:15:30			204	26253
1010	00:15:31			204	26252
1011	00:15:32			204	26252
1012	00:15:33			204	26252
1013	00:15:34			204	26251
1014	00:15:35			204	26251
1015	00:15:36			204	26250
1016	00:15:37			205	26250
1017	00:15:38			205	26249
1018	00:15:39			205	26249
1019	00:15:40			205	26248
1020	00:15:41			205	26248
1021	00:15:42			205	26248
1022	00:15:43			205	26247
1023	00:15:44			205	26246
1024	00:15:45			205	26246
1025	00:15:46			206	26246
1026	00:15:47			206	26245
1027	00:15:48			206	26245
1028	00:15:49			206	26244
1029	00:15:50			206	26244
1030	00:15:51			206	26243
1031	00:15:52			206	26243
1032	00:15:53			206	26242
1033	00:15:54			206	26242
1034	00:15:55			206	26242
1035	00:15:56			207	26241
1036	00:15:57			207	26241
1037	00:15:58			207	26240
1038	00:15:59	7		207	26240
1039	00:16:00	7		207	26239
1040	00:16:01	7		207	26239
1041	00:16:02	7		207	26238
1042	00:16:03	7		207	26238
1043	00:16:04			207	26238
1044	00:16:05			207	26237
1045	00:16:06			207	26237
1046	00:16:07			208	26236
1047	00:16:08			208	26236
1048	00:16:09	5		208	26235
1049	00:16:10			208	26235
1050	00:16:11	6	1	208	26234
1051	00:16:12		4	208	26234
1052	00:16:13			208	26234
1053	00:16:14	4		208	26233
1054	00:16:15		4	208	26233
1055	00:16:16	1	4	208	26232
1056	00:16:17			209	26232
1057	00:16:18		4	209	26231
1058	00:16:19			209	26231
1059	00:16:20			209	26231
1060	00:16:21			209	26230
1061	00:16:22			209	26230
1062	00:16:23			209	26229
1063	00:16:24			209	26229
1064	00:16:25		7	209	26228
1065	00:16:26			209	26228
1066	00:16:27			209	26228
1067	00:16:28		4		26227
1068	00:16:29				26227
1069	00:16:30				26226
1070	00:16:31				26226
1071	00:16:32				26225
1072	00:16:33	0		210	26225
1073	00:16:34				26225
1074	00:16:35				26224
1075	00:16:36			210	26224
1076	00:16:37			210	26223
1077	00:16:38	7		211	26223
1078	00:16:39			211	26222
1079	00:16:40		1	211	26222
1080	00:16:41		4	211	26222
1081	00:16:42			211	26221
1082	00:16:43		7	211	26221
1083	00:16:44			211	26220
1084	00:16:45			211	26220
1085	00:16:46			211	26220
1086	00:16:47		9	211	26219
1087	00:16:48		4	211	26219
1088	00:16:49		7	212	26218
1089	00:16:50			212	26218
1090	00:16:51		7	212	26217
1091	00:16:52			212	26217
1092	00:16:53				26217
1093	00:16:54			212	26216
1094	00:16:55			212	26216
1095	00:16:56		7	212	26215
1096	00:16:57	4	7		26215
1097	00:16:58	3		212	26215
1098	00:16:59			212	26214
1099	00:17:00			212	26214
1100	00:17:01				26213
1101	00:17:02				26213
1102	00:17:03				26213
1103	00:17:04			213	26212
1104	00:17:05			213	26212
1105	00:17:06			213	26211
1106	00:17:07				26211
1107	00:17:08		4	213	26210
1108	00:17:09			213	26210
1109	00:17:10			213	26209
1110	00:17:11				26209
1111	00:17:12			214	26209
1112	00:17:13	4		214	26208
1113	00:17:14			214	26208
1114	00:17:15			214	26208
1115	00:17:16			214	26207
1116	00:17:17			214	26206
1117	00:17:18			214	26206
1118	00:17:19			214	26206
1119	00:17:20			214	26205
1120	00:17:21			214	26205
1121	00:17:22			214	26205
1122	00:17:23			214	26204
1123	00:17:24			215	26204
1124	00:17:25			215	26203
1125	00:17:26			215	26203
1126	00:17:27	43		215	26203
1127	00:17:28	43		215	26202
1128	00:17:29	4		215	26202
1129	00:17:30	3		215	26202
1130	00:17:31	4		215	26201
1131	00:17:32	43			26201
1132	00:17:33				26200
1133	00:17:34				26200
1134	00:17:35				26200
1135	00:17:36				26199
1139	00:17:40				26197
1140	00:17:41				26197
1141	00:17:42				26197
1142	00:17:43				26197
1143	00:17:44			216	26196
1144	00:17:45			216	26196
1145	00:17:46				26195
1146	00:17:47				26195
1147	00:17:48				26195
1148	00:17:49				26194
1149	00:17:50				26194
1150	00:17:51				26194
1151	00:17:52				26193
1152	00:17:53				26193
1153	00:17:54		7		26192
1154	00:17:55		7		26192
1155	00:17:56		7		26191
1156	00:17:57				26191
1157	00:17:58			217	26191
1158	00:17:59			217	26191
1159	00:18:00		7	217	26191
1160	00:18:01			217	26191
1161	00:18:02			216	26197
1162	00:18:03			216	26198
1163	00:18:04			216	26198
1164	00:18:05			216	26198
1165	00:18:06			216	26198
1166	00:18:07			216	26198
1167	00:18:08			216	26198
1168	00:18:09			216	26198
1169	00:18:10			216	26198
1170	00:18:11			216	26198
1171	00:18:12			217	26194
1172	00:18:13			217	26194
1173	00:18:14			217	26194
1174	00:18:15			217	26194
1175	00:18:16	7	7	217	26194
1176	00:18:17	7	7	217	26194
1177	00:18:18	7	7	217	26194
1178	00:18:19	7	7	217	26194
1179	00:18:20	7	7	217	26194
1180	00:18:21	7	7	217	26192
1181	00:18:22	7	7	219	26185
1182	00:18:23	7		219	26183
1183	00:18:24	7		219	26183
1184	00:18:25	7		219	26182
1185	00:18:26	7		219	26182
1186	00:18:27	7		219	26182
1187	00:18:28			220	26181
1188	00:18:29			220	26181
1189	00:18:30			220	26181
1190	00:18:31			220	26180
1191	00:18:32			220	26180
1192	00:18:33			220	26179
1193	00:18:34			220	26179
1194	00:18:35			220	26179
1195	00:18:36			220	26178
1196	00:18:37			220	26178
1197	00:18:38			220	26178
1198	00:18:39			220	26178
1199	00:18:40			220	26177
1200	00:18:41			220	26177
1201	00:18:42			221	26177
1202	00:18:43			221	26177
1203	00:18:44			221	26177
1204	00:18:45			221	26177
1205	00:18:46			221	26177
1206	00:18:47			221	26177
1207	00:18:48			221	26177
1208	00:18:49			221	26177
1209	00:18:50			221	26177
1210	00:18:51			221	26176
1211	00:18:52		7	221	26175
1212	00:18:53		7	221	26174
1213	00:18:54		7	221	26174
1214	00:18:55		7	221	26173
1215	00:18:56		7	222	26173
1216	00:18:57		7	222	26173
1217	00:18:58		7	222	26173
1218	00:18:59			222	26172
1219	00:19:00			222	26172
1220	00:19:01			222	26172
1221	00:19:02			222	26171
1222	00:19:03			222	26171
1223	00:19:04			222	26171
1224	00:19:05			222	26170
1225	00:19:06			222	26170
1226	00:19:06			222	26170
1227	00:19:08			222	26169
1228	00:19:09			222	26169
1229	00:19:10			222	26169
1230	00:19:11			223	26168
1231	00:19:12	7	2	223	26168
1232	00:19:13			223	26168
1233	00:19:14	4		223	26167
1234	00:19:15			223	26167
1235	00:19:16			223	26167
1236	00:19:17			223	26166
1237	00:19:18			223	26166
1238	00:19:19			223	26166
1239	00:19:20			223	26165
1240	00:19:21			223	26165
1241	00:19:22			223	26165
1242	00:19:23			223	26164
1243	00:19:24	7		223	26164
1244	00:19:25			223	26164
1245	00:19:26			223	26163
1246	00:19:27	7		224	26163
1247	00:19:28			224	26163
1248	00:19:29			223	26163
1249	00:19:30	7		222	26169
1250	00:19:31	7		222	26170
1251	00:19:32			222	26170
1252	00:19:33			222	26170
1253	00:19:34			222	26170
1254	00:19:35			222	26170
1255	00:19:36			222	26170
1256	00:19:37			222	26170
1257	00:19:38			222	26170
1258	00:19:39			223	26167
1259	00:19:40			223	26166
1260	00:19:41			223	26166
1261	00:19:42			223	26166
1262	00:19:43			223	26166
1263	00:19:44		3	223	26166
1264	00:19:45		2	223	26166
1265	00:19:46		2	223	26166
1266	00:19:47		2	223	26166
1267	00:19:48		2	223	26166
1268	00:19:49		2	224	26163
1269	00:19:50		2	224	26163
1270	00:19:51			224	26163
1271	00:19:52			224	26163
1272	00:19:53			224	26163
1273	00:19:54			224	26163
1274	00:19:55			224	26163
1275	00:19:56			224	26163
1276	00:19:57			224	26163
1277	00:19:58			224	26163
1278	00:19:59			224	26160
1279	00:20:00			224	26159
1280	00:20:01			224	26159
1281	00:20:02			224	26159
1282	00:20:03			224	26159
1283	00:20:04			224	26159
1284	00:20:05			224	26159
1285	00:20:06			224	26159
1286	00:20:07			224	26159
1287	00:20:08			224	26159
1288	00:20:09			225	26156
1289	00:20:10	7		225	26156
1290	00:20:11	7		226	26151
1291	00:20:12	7		226	26151
1292	00:20:13	7		226	26150
1293	00:20:14	7		226	26150
1294	00:20:15	7		226	26150
1295	00:20:16			226	26150
1296	00:20:17			226	26150
1297	00:20:18			227	26150
1298	00:20:19			227	26149
1299	00:20:20			227	26149
1300	00:20:21			227	26149
1301	00:20:22			227	26149
1302	00:20:23			227	26149
1303	00:20:24			227	26148
1304	00:20:25			227	26148
1305	00:20:26			227	26148
1306	00:20:27			227	26148
1307	00:20:28		5	227	26148
1308	00:20:29		5	226	26151
1309	00:20:30		5	226	26152
1310	00:20:31		5	226	26152
1311	00:20:32		5	226	26152
1312	00:20:33		5	226	26152
1313	00:20:34	7		226	26152
1314	00:20:35	7		226	26152
1315	00:20:36	7		226	26152
1316	00:20:37			226	26152
1317	00:20:38	7		226	26151
1318	00:20:39	7		226	26150
1319	00:20:40			226	26150
1320	00:20:41			226	26150
1321	00:20:42			226	26150
1322	00:20:43			226	26150
1323	00:20:44			226	26150
1324	00:20:45			227	26146
1325	00:20:46		7	228	26144
1326	00:20:47		7	228	26144
1327	00:20:48		7	228	26143
1328	00:20:49		7	228	26143
1329	00:20:50		7	228	26143
1330	00:20:51			228	26143
1331	00:20:52			228	26143
1332	00:20:53			228	26142
1333	00:20:54			228	26142
1334	00:20:55			228	26141
1335	00:20:56			228	26141
1336	00:20:57			228	26141
1337	00:20:58			228	26141
1338	00:20:59			229	26141
1339	00:21:00			229	26140
1340	00:21:01			229	26140
1341	00:21:02			229	26140
1342	00:21:03			229	26140
1343	00:21:04			229	26140
1344	00:21:05			229	26139
1345	00:21:06			229	26139
1346	00:21:07	7		229	26139
1347	00:21:08			229	26138
1348	00:21:09	4		229	26138
1349	00:21:10			229	26138
1350	00:21:11		7	229	26138
1351	00:21:12			229	26137
1352	00:21:13			229	26137
1353	00:21:14			229	26137
1354	00:21:15			229	26136
1355	00:21:16				26136
1356	00:21:17	2		229	26136
1357	00:21:18			229	26136
1358	00:21:19			229	26135
1359	00:21:20			229	26135
1360	00:21:21			229	26135
1361	00:21:22			230	26134
1362	00:21:23			230	26135
1363	00:21:24			230	26134
1364	00:21:25			230	26134
1365	00:21:26			230	26134
1366	00:21:27			230	26134
1367	00:21:28			230	26134
1368	00:21:29	7		230	26134
1369	00:21:30	7		230	26134
1370	00:21:31	7		230	26134
1371	00:21:32	7		230	26134
1372	00:21:33	7		230	26134
1373	00:21:34		7	230	26134
1374	00:21:35		7	230	26134
1375	00:21:36		7	230	26134
1376	00:21:37		7	229	26135
1377	00:21:38		7	229	26136
1378	00:21:39		7	229	26136
1379	00:21:40		7	229	26136
1380	00:21:41			229	26136
1381	00:21:42			229	26136
1382	00:21:43			229	26136
1383	00:21:44			229	26136
1384	00:21:45			229	26136
1385	00:21:46			229	26136
1386	00:21:47			230	26135
1387	00:21:48			230	26134
1388	00:21:49			230	26134
1389	00:21:50			230	26134
1390	00:21:51			230	26134
1391	00:21:52			230	26134
1392	00:21:53			230	26134
1393	00:21:54			230	26134
1394	00:21:55			230	26134
1395	00:21:56			230	26134
1396	00:21:57			230	26132
1397	00:21:58		1	230	26132
1398	00:21:59		1	230	26132
1399	00:22:00		1	230	26132
1400	00:22:01		1	230	26132
1401	00:22:02		1	230	26132
1402	00:22:03		1	230	26132
1403	00:22:04		7	230	26132
1404	00:22:05		7	230	26132
1405	00:22:06		7	230	26132
1406	00:22:07		7	230	26131
1407	00:22:08	7		230	26130
1408	00:22:09	7		230	26130
1409	00:22:10	7		230	26130
1410	00:22:11	7		230	26130
1411	00:22:12	7		230	26130
1412	00:22:13	7		230	26130
1413	00:22:14	7		230	26130
1414	00:22:15			230	26130
1415	00:22:16			230	26130
1416	00:22:17			231	26130
1417	00:22:18			231	26130
1418	00:22:19			231	26130
1419	00:22:20			231	26130
1420	00:22:21			231	26130
1421	00:22:22		7	231	26130
1422	00:22:23		7	231	26130
1423	00:22:24			231	26130
1424	00:22:25			231	26130
1425	00:22:26			231	26130
1426	00:22:27			231	26129
1427	00:22:28	7		231	26129
1428	00:22:29	7		231	26129
1429	00:22:30	7		231	26129
1430	00:22:31	7		231	26129
1431	00:22:32	7		231	26129
1432	00:22:33	7		231	26129
1433	00:22:34	7		231	26129
1434	00:22:35	7		231	26129
1435	00:22:36	7		231	26128
1436	00:22:37	7		231	26128
1437	00:22:38	7		231	26128
1438	00:22:39	7		231	26128
1439	00:22:40			231	26128
1440	00:22:41			231	26128
1441	00:22:42			231	26128
1442	00:22:43			231	26128
1443	00:22:44			231	26128
1444	00:22:45			231	26128
1445	00:22:46			232	26127
1446	00:22:47			232	26127
1447	00:22:48			232	26127
1448	00:22:49			232	26127
1449	00:22:50			232	26122
1450	00:22:51			232	26122
1451	00:22:52			232	26123
1452	00:22:53			233	26121
1453	00:22:54			233	26121
1454	00:22:55			233	26121
1455	00:22:56			233	26120
1456	00:22:57			233	26120
1457	00:22:58			233	26120
1458	00:22:59			233	26120
1459	00:23:00			233	26120
1460	00:23:01			233	26120
1461	00:23:02			233	26119
1462	00:23:03			233	26119
1463	00:23:04			233	26119
1464	00:23:05			233	26119
1465	00:23:06			233	26119
1466	00:23:07			233	26119
1467	00:23:08			233	26118
1468	00:23:09			233	26118
1469	00:23:10		7	233	26118
1470	00:23:11		7	233	26118
1471	00:23:12		7	233	26118
1472	00:23:13		7	233	26118
1473	00:23:14		7	233	26118
1474	00:23:15		7	233	26118
1475	00:23:16			233	26118
1476	00:23:17			233	26118
1477	00:23:18			233	26118
1478	00:23:19			233	26118
1479	00:23:20			233	26120
1480	00:23:21			233	26121
1481	00:23:22		7	233	26121
1482	00:23:23		7	233	26121
1483	00:23:24		7	233	26121
1484	00:23:25		7	233	26120
1485	00:23:26		7	233	26119
1486	00:23:27		7	233	26119
1487	00:23:28		2	233	26119
1488	00:23:29		2	233	26119
1489	00:23:30		2	233	26134
1490	00:23:31		2	233	26135
1491	00:23:32		2	233	26135
1492	00:23:33		2	233	26135
1493	00:23:34			233	26135
1494	00:23:35			233	26135
1495	00:23:36			233	26119
1496	00:23:37			233	26119
1497	00:23:38			233	26119
1498	00:23:39			233	26119
1499	00:23:40			233	26119
1500	00:23:41			233	26119
1501	00:23:42			233	26119
1502	00:23:43			233	26119
1503	00:23:44			233	26119
1504	00:23:45			234	26118
1505	00:23:46			234	26118
1506	00:23:47			234	26119
1507	00:23:48			234	26119
1508	00:23:49			234	26119
1509	00:23:50			234	26119
1510	00:23:51			234	26118
1511	00:23:52			234	26118
1512	00:23:53			234	26118
1513	00:23:54			234	26118
1514	00:23:55			234	26118
1515	00:23:56			234	26118
1516	00:23:57			234	26118
1517	00:23:58			234	26118
1518	00:23:59			234	26118
1519	00:24:00			234	26118
1520	00:24:01			234	26118
1521	00:24:02			234	26118
1522	00:24:03			234	26118
1523	00:24:04			234	26118
1524	00:24:05			234	26117
1525	00:24:06			234	26117
1526	00:24:07			234	26117
1527	00:24:08			234	26117
1528	00:24:09			234	26117
1529	00:24:10	7		234	26117
1530	00:24:11	7		234	26117
1531	00:24:12	7		234	26116
1532	00:24:13	7		234	26116
1533	00:24:14	7		234	26116
1534	00:24:15	7		234	26115
1535	00:24:16			234	26115
1536	00:24:17			234	26115
1537	00:24:18			234	26115
1538	00:24:19			234	26115
1539	00:24:20			234	26114
1540	00:24:21			234	26114
1541	00:24:22			234	26114
1542	00:24:23			234	26114
1543	00:24:24			234	26114
1544	00:24:25			234	26114
1545	00:24:26			234	26114
1546	00:24:27			234	26114
1547	00:24:28			234	26114
1548	00:24:29			234	26114
1549	00:24:30			234	26114
1550	00:24:31			234	26114
1551	00:24:32			234	26114
1552	00:24:33			234	26114
1553	00:24:34		7	234	26114
1554	00:24:35		7	234	26116
1555	00:24:36		7	234	26116
1556	00:24:37		7	234	26116
1557	00:24:38		7	234	26116
1558	00:24:39		7	234	26116
1559	00:24:40			234	26116
1560	00:24:41			234	26116
1561	00:24:42			234	26116
1562	00:24:43			234	26116
1563	00:24:44			234	26115
1564	00:24:45			234	26114
1565	00:24:46			234	26114
1566	00:24:47			234	26114
1567	00:24:48			234	26114
1568	00:24:49			234	26114
1569	00:24:50			234	26114
1570	00:24:51			234	26114
1571	00:24:52			234	26114
1572	00:24:53			234	26114
1573	00:24:54			234	26114
1574	00:24:55			234	26114
1575	00:24:56			234	26114
1576	00:24:57			234	26114
1577	00:24:58			234	26114
1578	00:24:59			234	26114
1579	00:25:00			234	26114
1580	00:25:01			234	26114
1581	00:25:02			234	26114
1582	00:25:03			234	26114
1583	00:25:04			234	26114
1584	00:25:05			234	26114
1585	00:25:06			234	26114
1586	00:25:07			234	26114
1587	00:25:08			234	26114
1588	00:25:09			234	26116
1589	00:25:10	7		234	26116
1590	00:25:11	7		234	26116
1591	00:25:12	7		234	26116
1592	00:25:13	7		234	26116
1593	00:25:14	7		234	26116
1594	00:25:15	7		234	26115
1595	00:25:16			234	26116
1596	00:25:17			234	26115
1597	00:25:18			234	26115
1598	00:25:19			234	26115
1599	00:25:20			234	26115
1600	00:25:21			234	26115
1601	00:25:22			234	26115
1602	00:25:23			234	26115
1603	00:25:24			234	26115
1604	00:25:25			234	26115
1605	00:25:26			234	26115
1606	00:25:27			234	26115
1607	00:25:28			234	26115
1608	00:25:29			234	26115
1609	00:25:30			234	26115
1610	00:25:31			234	26115
1611	00:25:32			234	26115
1612	00:25:33			234	26115
1613	00:25:34			234	26116
1614	00:25:35			234	26116
1615	00:25:36			234	26116
1616	00:25:37			234	26116
1617	00:25:38			234	26116
1618	00:25:39			234	26116
1619	00:25:40			234	26116
1620	00:25:41			234	26114
1621	00:25:42			234	26114
1622	00:25:43			234	26114
1623	00:25:44			234	26114
1624	00:25:45			234	26114
1625	00:25:46			234	26114
1626	00:25:47			234	26114
1627	00:25:48			234	26114
1628	00:25:49			234	26114
1629	00:25:50			234	26114
1630	00:25:51			234	26114
1631	00:25:52			234	26114
1632	00:25:53			234	26114
1633	00:25:54			234	26114
1634	00:25:55			234	26114
1635	00:25:56			234	26114
1636	00:25:57			234	26114
1637	00:25:58			234	26114
1638	00:25:59			234	26114
1639	00:26:00			234	26114
1640	00:26:01			234	26114
1641	00:26:02			234	26114
1642	00:26:03			234	26114
1643	00:26:04			234	26114
1644	00:26:05			234	26114
1645	00:26:06			234	26114
1646	00:26:07			234	26114
1647	00:26:08			234	26116
1648	00:26:09			234	26116
1649	00:26:10			234	26116
1650	00:26:11			234	26116
1651	00:26:12			234	26116
1652	00:26:13			234	26116
1653	00:26:14			234	26115
1654	00:26:15			234	26115
1655	00:26:16			234	26115
1656	00:26:17			233	26116
1657	00:26:18			233	26117
1658	00:26:19			233	26117
1659	00:26:20			233	26117
1660	00:26:21			233	26117
1661	00:26:22			233	26117
1662	00:26:23			233	26117
1663	00:26:24			233	26117
1664	00:26:25			233	26117
1665	00:26:26			233	26117
1666	00:26:27			234	26115
1667	00:26:28			233	26117
1668	00:26:29			233	26118
1669	00:26:30			233	26118
1670	00:26:31			233	26118
1671	00:26:32			233	26118
1672	00:26:33			233	26118
1673	00:26:34			233	26118
1674	00:26:35			233	26118
1675	00:26:36			233	26118
1676	00:26:37			233	26118
1677	00:26:38			233	26118
1678	00:26:39			233	26118
1679	00:26:40			233	26118
1680	00:26:41			233	26119
1681	00:26:42			233	26119
1682	00:26:43			233	26119
1683	00:26:44			233	26119
1684	00:26:45			233	26119
1685	00:26:46			233	26119
1686	00:26:47			233	26119
1687	00:26:48			233	26119
1688	00:26:49			233	26119
1689	00:26:50	7		233	26119
1690	00:26:51	7		233	26119
1691	00:26:52	7		233	26119
1692	00:26:53		4	233	26119
1693	00:26:54		4	233	26119
1694	00:26:55			233	26119
1695	00:26:56			233	26119
1696	00:26:57			233	26120
1697	00:26:58			233	26120
1698	00:26:59			233	26120
1699	00:27:00			233	26119
1700	00:27:01			233	26119
1701	00:27:02			233	26119
1702	00:27:03			233	26119
1703	00:27:04			233	26119
1704	00:27:05			233	26119
1705	00:27:06			233	26119
1706	00:27:07			233	26119
1707	00:27:08			232	26119
1708	00:27:09			232	26119
1709	00:27:10			232	26119
1710	00:27:11			232	26119
1711	00:27:12			232	26119
1712	00:27:13			232	26120
1713	00:27:14			232	26120
1714	00:27:15			232	26120
1715	00:27:16			232	26120
1716	00:27:17			232	26120
1717	00:27:18			232	26120
1718	00:27:19			232	26121
1719	00:27:20			232	26121
1720	00:27:21			232	26121
1721	00:27:22		18	232	26121
1722	00:27:23		18	232	26121
1723	00:27:24		18	232	26121
1724	00:27:25		18	232	26121
1725	00:27:26		18	233	26119
1726	00:27:27		18	233	26118
1727	00:27:28			233	26118
1728	00:27:29			233	26118
1729	00:27:30			233	26118
1730	00:27:31			233	26118
1731	00:27:32			232	26119
1732	00:27:33			232	26119
1733	00:27:34		7	232	26119
1734	00:27:35		7	232	26119
1735	00:27:36		7	232	26119
1736	00:27:37		7	232	26119
1737	00:27:38		7	232	26119
1738	00:27:39		7	232	26119
1739	00:27:40			232	26119
1740	00:27:41			232	26119
1741	00:27:42			232	26121
1742	00:27:43			232	26121
1743	00:27:44			232	26121
1744	00:27:45			232	26121
1745	00:27:46			232	26121
1746	00:27:47			232	26121
1747	00:27:48			232	26124
1748	00:27:49			231	26126
1749	00:27:50			231	26126
1750	00:27:51			231	26126
1751	00:27:52		7	231	26126
1752	00:27:53		7	231	26126
1753	00:27:54		7	231	26126
1754	00:27:55		7	231	26127
1755	00:27:56		7	231	26127
1756	00:27:57		7	231	26127
1757	00:27:58			231	26127
1758	00:27:59			231	26128
1759	00:28:00			231	26127
1760	00:28:01			231	26128
1761	00:28:02			231	26128
1762	00:28:03			231	26128
1763	00:28:04			231	26128
1764	00:28:05			231	26128
1765	00:28:06			231	26128
1766	00:28:07			231	26128
1767	00:28:08			231	26128
1768	00:28:09			231	26128
1769	00:28:10	4		231	26128
1770	00:28:11	4		231	26129
1771	00:28:12	4		230	26129
1772	00:28:13	4		230	26129
1773	00:28:14	4		230	26129
1774	00:28:15	4		230	26129
1775	00:28:16	7		230	26129
1776	00:28:17	4		230	26129
1777	00:28:18			230	26129
1778	00:28:19			230	26129
1779	00:28:20			230	26129
1780	00:28:21			230	26130
1781	00:28:22			230	26130
1782	00:28:23			230	26130
1783	00:28:24			230	26130
1784	00:28:25			230	26130
1785	00:28:26			230	26131
1786	00:28:27			230	26131
1787	00:28:28			230	26131
1788	00:28:29			230	26130
1789	00:28:30			230	26130
1790	00:28:31			230	26130
1791	00:28:32		5	230	26131
1792	00:28:33	7		230	26131
1793	00:28:34			230	26131
1794	00:28:35		2	230	26131
1795	00:28:36		5	230	26131
1796	00:28:37			230	26131
1797	00:28:38			229	26132
1798	00:28:39			229	26133
1799	00:28:40			229	26133
1800	00:28:41			229	26133
1801	00:28:42			229	26133
1802	00:28:43			230	26129
1803	00:28:44			230	26129
1804	00:28:45		2	230	26129
1805	00:28:46		7	230	26129
1806	00:28:47			230	26129
1807	00:28:48		7	230	26129
1808	00:28:49			230	26129
1809	00:28:50			230	26131
1810	00:28:51			229	26135
1811	00:28:52			229	26136
1812	00:28:53		4	229	26136
1813	00:28:54			229	26137
1814	00:28:55			229	26137
1815	00:28:56			229	26137
1816	00:28:57	4		229	26137
1817	00:28:58			229	26137
1818	00:28:59			229	26138
1819	00:29:00	4		229	26138
1820	00:29:01			228	26138
1821	00:29:02	44		228	26138
1822	00:29:03	4		228	26139
1823	00:29:04			228	26139
1824	00:29:05	4		228	26139
1825	00:29:06	4		228	26138
1826	00:29:07	4		228	26138
1827	00:29:08	4		228	26139
1828	00:29:09	4		228	26139
1829	00:29:10	4		228	26139
1830	00:29:11	4	7	228	26140
1831	00:29:12	4	7	228	26141
1832	00:29:13			228	26141
1833	00:29:14			228	26141
1834	00:29:15			228	26141
1835	00:29:16			228	26141
1836	00:29:17	3		228	26141
1837	00:29:18	43		228	26141
1838	00:29:19	4	5	228	26142
1839	00:29:20	4		228	26142
1840	00:29:21	43		228	26142
1841	00:29:22	43		227	26142
1842	00:29:23	43	6	227	26142
1843	00:29:24	4	6	227	26143
1844	00:29:25			227	26143
1845	00:29:26		5	227	26143
1846	00:29:27		5	227	26144
1847	00:29:28			227	26144
1848	00:29:29			227	26144
1849	00:29:30		4	227	26144
1850	00:29:31	7		227	26144
1851	00:29:32			227	26144
1852	00:29:33			227	26144
1853	00:29:34			227	26145
1854	00:29:35	4		227	26145
1855	00:29:36	4		227	26145
1856	00:29:37			227	26145
1857	00:29:38			227	26145
1858	00:29:39			227	26145
1859	00:29:40			227	26145
1860	00:29:41			226	26145
1861	00:29:42			226	26145
1862	00:29:43			226	26146
1863	00:29:44			226	26146
1864	00:29:45			226	26145
1865	00:29:46			226	26146
1866	00:29:47			226	26146
1867	00:29:48			226	26146
1868	00:29:49			226	26147
1869	00:29:50			226	26147
1870	00:29:51			226	26147
1871	00:29:52			226	26147
1872	00:29:53			226	26147
1873	00:29:54			226	26148
1874	00:29:55			226	26148
1875	00:29:56		2	226	26148
1876	00:29:57			226	26148
1877	00:29:58			226	26148
1878	00:29:59			226	26148
1879	00:30:00			227	26145
1880	00:30:01			227	26145
1881	00:30:02	2		227	26145
1882	00:30:03	2		227	26145
1883	00:30:04	2		227	26145
1884	00:30:05	2		225	26150
1885	00:30:06	2		225	26151
1886	00:30:07			225	26152
1887	00:30:08			225	26152
1888	00:30:09			225	26153
1889	00:30:10			225	26153
1890	00:30:11			225	26154
1891	00:30:12			225	26154
1892	00:30:13			225	26154
1893	00:30:14		5	225	26155
1894	00:30:15			225	26155
1895	00:30:16			224	26155
1896	00:30:17	4		224	26155
1897	00:30:18	4		224	26156
1898	00:30:19			224	26156
1899	00:30:20			224	26157
1900	00:30:21			224	26157
1901	00:30:22			224	26158
1902	00:30:23				26158
1903	00:30:24	4		224	26158
1904	00:30:25	4		224	26158
1905	00:30:26			224	26159
1906	00:30:27			224	26159
1907	00:30:28			224	26159
1908	00:30:29			224	26159
1909	00:30:30	7		224	26159
1910	00:30:31			224	26160
1911	00:30:32			224	26160
1912	00:30:33			224	26157
1913	00:30:34			223	26161
1914	00:30:35			223	26161
1915	00:30:36			223	26161
1916	00:30:37			223	26162
1917	00:30:38			223	26162
1918	00:30:39			223	26162
1919	00:30:40			223	26162
1920	00:30:41			223	26163
1921	00:30:42			223	26163
1922	00:30:43			223	26163
1923	00:30:44			223	26163
1924	00:30:45			223	26163
1925	00:30:46	7		223	26164
1926	00:30:47	7		223	26164
1927	00:30:48			222	26164
1928	00:30:49			222	26163
1929	00:30:50		7	222	26163
1930	00:30:51			222	26164
1931	00:30:52			222	26164
1932	00:30:53			222	26164
1933	00:30:54			222	26164
1934	00:30:55			222	26165
1935	00:30:56			222	26165
1936	00:30:57			222	26165
1937	00:30:58			222	26165
1938	00:30:59			222	26167
1939	00:31:00			222	26168
1940	00:31:01			222	26168
1941	00:31:02		7	222	26168
1942	00:31:03			221	26168
1943	00:31:04			221	26168
1944	00:31:05			221	26169
1945	00:31:06	7	7	221	26169
1946	00:31:07		7	221	26169
1947	00:31:08			221	26169
1948	00:31:09			221	26169
1949	00:31:10			221	26170
1950	00:31:11			221	26170
1951	00:31:12			221	26170
1952	00:31:13			221	26171
1953	00:31:14			221	26170
1954	00:31:15			221	26171
1955	00:31:16			221	26171
1956	00:31:17			220	26171
1957	00:31:18			220	26171
1958	00:31:19			220	26171
1959	00:31:20	7		220	26172
1960	00:31:21			220	26172
1961	00:31:22			220	26173
1962	00:31:23	4		220	26173
1963	00:31:24	4		220	26173
1964	00:31:25	4		220	26174
1965	00:31:26			220	26173
1966	00:31:27			220	26174
1967	00:31:28			220	26174
1968	00:31:29			220	26175
1969	00:31:30	7		220	26175
1970	00:31:31			219	26176
1971	00:31:32			219	26175
1972	00:31:33			219	26175
1973	00:31:34			219	26175
1974	00:31:35	7		219	26177
1975	00:31:36			219	26178
1976	00:31:37			219	26178
1977	00:31:38			219	26179
1978	00:31:39			219	26179
1979	00:31:40			219	26180
1980	00:31:41			219	26180
1981	00:31:42			219	26180
1982	00:31:43	7		219	26180
1983	00:31:44	7		219	26180
1984	00:31:45	7		219	26180
1985	00:31:46	7		219	26180
1986	00:31:47	7		219	26180
1987	00:31:48	7		220	26174
1988	00:31:49			220	26174
1989	00:31:50			219	26176
1990	00:31:51			218	26184
1991	00:31:52			218	26185
1992	00:31:53			218	26185
1993	00:31:54			218	26186
1994	00:31:55			218	26186
1995	00:31:56			218	26186
1996	00:31:57			218	26187
1997	00:31:58			217	26187
1998	00:31:59			217	26187
1999	00:32:00			217	26187
2000	00:32:01			217	26187
2001	00:32:02			217	26188
2002	00:32:03			217	26188
2003	00:32:04	7		217	26188
2004	00:32:05	7		217	26189
2005	00:32:06	7		217	26189
2006	00:32:07	7		217	26189
2007	00:32:08			217	26190
2008	00:32:09			217	26190
2009	00:32:10		7	216	26190
2010	00:32:11			216	26191
2011	00:32:12			216	26197
2012	00:32:13			216	26191
2013	00:32:14			216	26192
2014	00:32:15			216	26194
2015	00:32:16			216	26194
2016	00:32:17			216	26195
2017	00:32:18	7	4	216	26195
2018	00:32:19			216	26196
2019	00:32:20		7	216	26196
2020	00:32:21			216	26196
2021	00:32:22			216	26196
2022	00:32:23			215	26196
2023	00:32:24			215	26196
2024	00:32:25			215	26197
2025	00:32:26			215	26197
2026	00:32:27		7	215	26197
2027	00:32:28		7	217	26191
2028	00:32:29			215	26197
2029	00:32:30			215	26198
2030	00:32:31			215	26198
2031	00:32:32	7		215	26199
2032	00:32:33			215	26199
2033	00:32:34	7		215	26199
2034	00:32:35	4	7		26200
2035	00:32:36				26200
2036	00:32:37			214	26200
2037	00:32:38			214	26200
2038	00:32:39		2	214	26201
2039	00:32:40			214	26201
2040	00:32:41			214	26201
2041	00:32:42			214	26202
2042	00:32:43				26202
2043	00:32:44		7	214	26202
2044	00:32:45			214	26203
2045	00:32:46			213	26203
2046	00:32:47			213	26203
2047	00:32:48			213	26204
2048	00:32:49			213	26205
2049	00:32:50			213	26205
2050	00:32:51			213	26206
2051	00:32:52			213	26205
2052	00:32:53			213	26204
2053	00:32:54			213	26205
2054	00:32:55			213	26205
2055	00:32:56			213	26205
2056	00:32:57			213	26206
2057	00:32:58			212	26207
2058	00:32:59			212	26208
2059	00:33:00			212	26208
2060	00:33:01			212	26208
2061	00:33:02			212	26209
2062	00:33:03			212	26209
2063	00:33:04	4		212	26210
2064	00:33:05			212	26210
2065	00:33:06			212	26210
2066	00:33:07			213	26204
2067	00:33:08		1	214	26203
2068	00:33:09		1	214	26203
2069	00:33:10			214	26203
2070	00:33:11	7		214	26203
2071	00:33:12	7		214	26203
2072	00:33:13	7		214	26203
2073	00:33:14	7		214	26203
2074	00:33:15			214	26203
2075	00:33:16			213	26203
2076	00:33:17			213	26205
2077	00:33:18			213	26205
2078	00:33:19			213	26205
2079	00:33:20			213	26205
2080	00:33:21			213	26205
2081	00:33:22			211	26216
2082	00:33:23			210	26219
2083	00:33:24			210	26220
2084	00:33:25			210	26220
2085	00:33:26			210	26220
2086	00:33:27			210	26221
2087	00:33:28			210	26221
2088	00:33:29			210	26222
2089	00:33:30			210	26223
2090	00:33:31			209	26223
2091	00:33:32			210	26223
2092	00:33:33			209	26224
2093	00:33:34			209	26225
2094	00:33:35			209	26225
2095	00:33:36			209	26226
2096	00:33:37			209	26226
2097	00:33:38			209	26227
2098	00:33:39			209	26227
2099	00:33:40			209	26228
2100	00:33:41			209	26228
2101	00:33:42			208	26228
2102	00:33:43			208	26229
2103	00:33:44			208	26230
2104	00:33:45			208	26230
2105	00:33:46			208	26231
2106	00:33:47			208	26231
2107	00:33:48			208	26231
2108	00:33:49			208	26231
2109	00:33:50			208	26232
2110	00:33:51			208	26232
2111	00:33:52	7		207	26233
2112	00:33:53	7		207	26233
2113	00:33:54	7		207	26233
2114	00:33:55	7		207	26234
2115	00:33:56	7		207	26234
2116	00:33:57	7		207	26235
2117	00:33:58			207	26235
2118	00:33:59			207	26235
2119	00:34:00			207	26236
2120	00:34:01			207	26236
2121	00:34:02			206	26236
2122	00:34:03			206	26237
2123	00:34:04			206	26237
2124	00:34:05			206	26238
2125	00:34:06			206	26238
2126	00:34:07			206	26238
2127	00:34:08			206	26239
2128	00:34:09			206	26239
2129	00:34:10			206	26239
2130	00:34:11		7	206	26240
2131	00:34:12			206	26240
2132	00:34:13			205	26241
2133	00:34:14			205	26241
2134	00:34:15		7	205	26241
2135	00:34:16		7	205	26242
2136	00:34:17		7	205	26242
2137	00:34:18			205	26243
2138	00:34:19		7	205	26243
2139	00:34:20			205	26243
2140	00:34:21			205	26244
2141	00:34:22			204	26244
2142	00:34:23			204	26245
2143	00:34:24			204	26245
2144	00:34:25			204	26245
2145	00:34:26			204	26246
2146	00:34:27			204	26246
2147	00:34:28			204	26246
2148	00:34:29		3	204	26247
2149	00:34:30	7		204	26248
2150	00:34:31	7		204	26248
2151	00:34:32			203	26249
2152	00:34:33			203	26249
2153	00:34:34			203	26250
2154	00:34:35	4		203	26250
2155	00:34:36			203	26251
2156	00:34:37		5	203	26252
2157	00:34:38	4		203	26252
2158	00:34:39			203	26252
2159	00:34:40			203	26253
2160	00:34:41			202	26253
2161	00:34:42			202	26254
2162	00:34:43			202	26254
2163	00:34:44			202	26254
2164	00:34:45			202	26254
2165	00:34:46			203	26249
2166	00:34:47			202	26256
2167	00:34:48			202	26257
2168	00:34:49			202	26257
2169	00:34:50			202	26258
2170	00:34:51	7		201	26258
2171	00:34:52			201	26259
2172	00:34:53			201	26259
2173	00:34:54			201	26260
2174	00:34:55			201	26260
2175	00:34:56		7	201	26261
2176	00:34:57			201	26261
2177	00:34:58			201	26262
2178	00:34:59			201	26262
2179	00:35:00			200	26263
2180	00:35:01			200	26264
2181	00:35:02			200	26264
2182	00:35:03			200	26265
2183	00:35:04			200	26266
2184	00:35:05			200	26266
2185	00:35:06	7		200	26267
2186	00:35:07			200	26267
2187	00:35:08			200	26268
2188	00:35:09			199	26269
2189	00:35:10			199	26269
2190	00:35:11			199	26269
2191	00:35:12			199	26270
2192	00:35:13		7	199	26270
2193	00:35:14		4	199	26271
2194	00:35:15			199	26272
2195	00:35:16			199	26272
2196	00:35:17			199	26271
2197	00:35:18			198	26273
2198	00:35:19			198	26274
2199	00:35:20			198	26274
2200	00:35:21		7	198	26275
2201	00:35:22		7	198	26275
2202	00:35:23		7	198	26275
2203	00:35:24		7	198	26276
2204	00:35:25		7	198	26277
2205	00:35:26	7		198	26277
2206	00:35:27	7		197	26277
2207	00:35:28	7		197	26278
2208	00:35:29	7		197	26279
2209	00:35:30	7		197	26279
2210	00:35:31			197	26280
2211	00:35:32			197	26280
2212	00:35:33	7		197	26281
2213	00:35:34	4		197	26287
2214	00:35:35		7		26287
2215	00:35:36			196	26282
2216	00:35:37	7	4	196	26282
2217	00:35:38	7		196	26283
2218	00:35:39			196	26283
2219	00:35:40			196	26284
2220	00:35:41			196	26284
2221	00:35:42	7		196	26285
2222	00:35:43			196	26285
2223	00:35:44			196	26285
2224	00:35:45			195	26286
2225	00:35:46			195	26286
2226	00:35:47		3	195	26287
2227	00:35:49	4		195	26288
2228	00:35:49			195	26288
2229	00:35:50			195	26288
2230	00:35:51		7	195	26288
2231	00:35:52	7		195	26289
2232	00:35:53			194	26290
2233	00:35:54			194	26290
2234	00:35:55		7	194	26290
2235	00:35:56			194	26291
2236	00:35:57			194	26291
2237	00:35:58		4	194	26292
2238	00:35:59			194	26293
2239	00:36:00			194	26294
2240	00:36:01		3	194	26294
2241	00:36:02			193	26294
2242	00:36:03			193	26295
2243	00:36:04			193	26295
2244	00:36:05			193	26296
2245	00:36:06			193	26296
2246	00:36:07			193	26297
2247	00:36:08			193	26297
2248	00:36:09			193	26298
2249	00:36:10			192	26298
2250	00:36:11			192	26299
2251	00:36:12	7	4	192	26299
2252	00:36:13			192	26300
2253	00:36:14			192	26300
2254	00:36:15			192	26301
2255	00:36:16		5	192	26302
2256	00:36:17			192	26302
2257	00:36:18			192	26302
2258	00:36:19	7	9	191	26303
2259	00:36:20	7	4	191	26304
2260	00:36:21		1	191	26304
2261	00:36:22			191	26305
2262	00:36:23			191	26305
2263	00:36:24			191	26306
2264	00:36:25			191	26307
2265	00:36:26		1	191	26307
2266	00:36:27		1	191	26307
2267	00:36:28		1	191	26307
2268	00:36:29			191	26307
2269	00:36:30			191	26307
2270	00:36:31			191	26307
2271	00:36:32			190	26308
2272	00:36:33			190	26311
2273	00:36:34			190	26312
2274	00:36:35			189	26313
2275	00:36:36			189	26314
2276	00:36:37			189	26314
2277	00:36:38			189	26315
2278	00:36:39			189	26315
2279	00:36:40			189	26316
2280	00:36:41			189	26316
2281	00:36:42			189	26317
2282	00:36:43			188	26318
2283	00:36:44			188	26318
2284	00:36:45			188	26319
2285	00:36:46			188	26320
2286	00:36:47	7		188	26320
2287	00:36:48			188	26321
2288	00:36:49	7		188	26322
2289	00:36:50			188	26322
2290	00:36:51			187	26323
2291	00:36:52			187	26324
2292	00:36:53			187	26324
2293	00:36:54			187	26325
2294	00:36:55	7		187	26326
2295	00:36:56	7	7	187	26326
2296	00:36:57			187	26327
2297	00:36:58			187	26328
2298	00:36:59			187	26328
2299	00:37:00			186	26328
2300	00:37:01			186	26329
2301	00:37:02			186	26329
2302	00:37:03			186	26330
2303	00:37:04			186	26331
2304	00:37:05			186	26331
2305	00:37:06			186	26332
2306	00:37:07			185	26332
2307	00:37:08			185	26333
2308	00:37:09			185	26334
2309	00:37:10		7	185	26334
2310	00:37:11		7	185	26335
2311	00:37:12		7	185	26335
2312	00:37:13	7		185	26336
2313	00:37:14	7		185	26336
2314	00:37:15	7		184	26337
2315	00:37:16	7		184	26337
2316	00:37:17	7		184	26338
2317	00:37:18	7		184	26338
2318	00:37:19	7		184	26339
2319	00:37:20	7		184	26340
2320	00:37:21	7		184	26340
2321	00:37:22	7		184	26341
2322	00:37:23		2	183	26341
2323	00:37:24		2	183	26342
2324	00:37:25		2	183	26342
2325	00:37:26		2	183	26343
2326	00:37:27		2	183	26343
2327	00:37:28			183	26344
2328	00:37:29			183	26344
2329	00:37:30			183	26345
2330	00:37:31			182	26345
2331	00:37:32			182	26346
2332	00:37:33			182	26346
2333	00:37:34			182	26347
2334	00:37:35			182	26348
2335	00:37:36			182	26348
2336	00:37:37			182	26349
2337	00:37:38			181	26349
2338	00:37:39			181	26350
2339	00:37:40	7		181	26350
2340	00:37:41	7		181	26351
2341	00:37:42	7		181	26351
2342	00:37:43	7		181	26352
2343	00:37:44	7		181	26352
2344	00:37:45	7		181	26353
2345	00:37:46			180	26354
2346	00:37:47			180	26354
2347	00:37:48			180	26355
2348	00:37:49			180	26355
2349	00:37:50			180	26356
2350	00:37:51			180	26358
2351	00:37:52		7	180	26357
2352	00:37:53		7	179	26357
2353	00:37:54		7	179	26357
2354	00:37:55		7	179	26358
2355	00:37:56		7	179	26358
2356	00:37:57		7	179	26359
2357	00:37:58			179	26359
2358	00:37:59			179	26360
2359	00:38:00			179	26361
2360	00:38:01	72	2	178	26361
2361	00:38:02	72	2	178	26362
2362	00:38:03	72	2	178	26363
2363	00:38:04			178	26363
2364	00:38:05			178	26364
2365	00:38:06			178	26365
2366	00:38:07			178	26366
2367	00:38:08			178	26366
2368	00:38:09			177	26367
2369	00:38:10			177	26367
2370	00:38:11			177	26368
2371	00:38:12			177	26369
2372	00:38:13			177	26370
2373	00:38:14			177	26371
2374	00:38:15			177	26372
2375	00:38:16			176	26372
2376	00:38:17			176	26373
2377	00:38:18			176	26374
2378	00:38:19			176	26374
2379	00:38:20			176	26375
2380	00:38:21			176	26376
2381	00:38:22			176	26376
2382	00:38:23			175	26377
2383	00:38:24			175	26378
2384	00:38:25			175	26379
2385	00:38:26			175	26379
2386	00:38:27			175	26380
2387	00:38:28			175	26381
2388	00:38:29			175	26382
2389	00:38:30			175	26382
2390	00:38:31			174	26383
2391	00:38:32			174	26384
2392	00:38:33			174	26384
2393	00:38:34			174	26385
2394	00:38:35			174	26385
2395	00:38:36			174	26386
2396	00:38:37			174	26387
2397	00:38:38			173	26388
2398	00:38:39			173	26388
2399	00:38:40			173	26389
2400	00:38:41			173	26390
2401	00:38:42			173	26390
2402	00:38:43			173	26391
2403	00:38:44			173	26391
2404	00:38:45			172	26392
2405	00:38:46			172	26392
2406	00:38:47			172	26393
2407	00:38:48			172	26394
2408	00:38:49			172	26394
2409	00:38:50			172	26395
2410	00:38:51			172	26396
2411	00:38:52			171	26396
2412	00:38:53			171	26397
2413	00:38:54			171	26398
2414	00:38:55			171	26398
2415	00:38:56			171	26399
2416	00:38:57			171	26400
2417	00:38:58			171	26400
2418	00:38:59			170	26401
2419	00:39:00			170	26401
2420	00:39:01			170	26402
2421	00:39:02			170	26402
2422	00:39:03			170	26403
2423	00:39:04			170	26404
2424	00:39:05			170	26404
2425	00:39:06			169	26405
2426	00:39:07			169	26405
2427	00:39:08			169	26406
2428	00:39:09			169	26407
2429	00:39:10			169	26407
2430	00:39:11			169	26408
2431	00:39:12			169	26408
2432	00:39:13			168	26409
2433	00:39:14			168	26410
2434	00:39:15			168	26410
2435	00:39:16			168	26411
2436	00:39:17			168	26411
2437	00:39:18			168	26412
2438	00:39:19			168	26413
2439	00:39:20			167	26413
2440	00:39:21			167	26414
2441	00:39:22			167	26414
2442	00:39:23			167	26415
2443	00:39:24			167	26415
2444	00:39:25			167	26416
2445	00:39:26			167	26417
2446	00:39:27			166	26418
2447	00:39:28			166	26419
2448	00:39:29			166	26419
2449	00:39:30			166	26420
2450	00:39:31			166	26421
2451	00:39:32			166	26421
2452	00:39:33			166	26422
2453	00:39:34	2		165	26423
2454	00:39:35	2		165	26424
2455	00:39:36	2		165	26424
2456	00:39:37	2		165	26425
2457	00:39:38	2		165	26426
2458	00:39:39	2		165	26426
2459	00:39:40			165	26427
2460	00:39:41			164	26427
2461	00:39:42			164	26428
2462	00:39:43			164	26428
2463	00:39:44			164	26429
2464	00:39:45			164	26430
2465	00:39:46	7		164	26430
2466	00:39:47	7		164	26431
2467	00:39:48	7		163	26432
2468	00:39:49	7		163	26433
2469	00:39:50	7		163	26433
2470	00:39:51	7		163	26434
2471	00:39:52			163	26435
2472	00:39:53			163	26436
2473	00:39:54			163	26436
2474	00:39:55			162	26437
2475	00:39:56			162	26438
2476	00:39:57			162	26439
2477	00:39:58			162	26440
2478	00:39:59			162	26440
2479	00:40:00			162	26441
2480	00:40:01			161	26442
2481	00:40:02			161	26442
2482	00:40:03			161	26443
2483	00:40:04			161	26444
2484	00:40:05			161	26445
2485	00:40:06			161	26446
2486	00:40:07			161	26446
2487	00:40:08			160	26447
2488	00:40:09			160	26448
2489	00:40:10	4		160	26448
2490	00:40:11	4		160	26449
2491	00:40:12	4		160	26450
2492	00:40:13	4		160	26451
2493	00:40:14	4		160	26451
2494	00:40:15	4		159	26452
2495	00:40:16			159	26453
2496	00:40:17			159	26454
2497	00:40:18			159	26454
2498	00:40:19			159	26455
2499	00:40:20			159	26456
2500	00:40:21			159	26456
2501	00:40:22			158	26457
2502	00:40:23			158	26458
2503	00:40:24			158	26458
2504	00:40:25			158	26459
2505	00:40:26			158	26460
2506	00:40:27			158	26460
2507	00:40:28			157	26461
2508	00:40:29			157	26462
2509	00:40:30			157	26462
2510	00:40:31			157	26463
2511	00:40:32			157	26464
2512	00:40:33			157	26464
2513	00:40:34			157	26465
2514	00:40:35			156	26465
2515	00:40:36			156	26466
2516	00:40:37			156	26467
2517	00:40:38			156	26468
2518	00:40:39			156	26468
2519	00:40:40			156	26469
2520	00:40:41			155	26469
2521	00:40:42			155	26470
2522	00:40:43			155	26470
2523	00:40:44			155	26471
2524	00:40:45			155	26472
2525	00:40:46			155	26472
2526	00:40:47			155	26473
2527	00:40:48			154	26474
2528	00:40:49			154	26474
2529	00:40:50			154	26475
2530	00:40:51			154	26476
2531	00:40:52			154	26476
2532	00:40:53			154	26477
2533	00:40:54			153	26478
2534	00:40:55			153	26478
2535	00:40:56			153	26479
2536	00:40:57			153	26480
2537	00:40:58			153	26480
2538	00:40:59			153	26481
2539	00:41:00			153	26482
2540	00:41:01			152	26482
2541	00:41:02			152	26483
2542	00:41:03			152	26484
2543	00:41:04		7	152	26484
2544					
2545					
2546	0	3			
2547	0	3			
2548	0	3			
2549	0	3			
2550	0	3			
2551	0				
2552	0				
2553	0				
2554	0				
2555	0				
2556	0				
2557	0				
2558	0				
2559	0				
2560	0				
2561	0				
2562	0				
2563	0				
2564					
2565					
2566					
2567					
2568					
2569					
2570					
2571					
2572					
2573					
2574					
2575					
2576	0	23			
2577	0	2			
2578	0	2			
2579	0	0			
2580	0	2			
2581	6	2			
2582					
2583					
2584					
2585	0	2			
2586	0	2			
2587	0	2			
2588	00:41:08		7	151	26487
2589	00:41:09	7		151	26487
2590	00:41:10			151	26488
2591	00:41:11			151	26489
2592	00:41:12			151	26490
2593	00:41:12			151	26490
2594	00:41:13			151	26490
2595	00:41:14			150	26491
2596	00:41:15			150	26492
2597	00:41:16			150	26493
2598	00:41:17			150	26494
2599	00:41:18			150	26494
2600	00:41:19			150	26495
2601	00:41:20			150	26496
2602	00:41:21			149	26497
2603	00:41:22			149	26498
2604	00:41:23			149	26498
2605	00:41:24			149	26499
2606	00:41:25			149	26500
2607	00:41:26			149	26501
2608	00:41:27			148	26501
2609	00:41:28	2		148	26502
2610	00:41:29	2		148	26503
2611	00:41:30	2		148	26504
2612	00:41:31	2		148	26505
2613	00:41:32	2		148	26505
2614	00:41:33	2		148	26506
2615	00:41:34			147	26507
2616	00:41:35			147	26508
2617	00:41:35			147	26508
2618	00:41:37			147	26508
2619	00:41:38			147	26510
2620	00:41:39			147	26511
2621	00:41:40	7		146	26512
2622	00:41:41	7		146	26512
2623	00:41:42	7		146	26513
2624	00:41:43	7		146	26514
2625	00:41:44	7		146	26515
2626	00:41:45	7		146	26515
2627	00:41:46			145	26516
2628	00:41:47			145	26517
2629	00:41:48			145	26518
2630	00:41:49			145	26518
2631	00:41:50			145	26519
2632	00:41:51			145	26520
2633	00:41:52	2		144	26520
2634	00:41:53	2		144	26521
2635	00:41:54	2		144	26522
2636	00:41:55	2		144	26522
2637	00:41:56	2		144	26523
2638	00:41:57	2		144	26524
2639	00:41:58			144	26525
2640	00:41:59			143	26525
2641	00:42:00			143	26526
2642	00:42:01			143	26527
2643	00:42:02			143	26527
2644	00:42:03			143	26528
2645	00:42:04			143	26529
2646	00:42:05			142	26529
2647	00:42:06			142	26530
2648	00:42:07			142	26531
2649	00:42:08			142	26531
2650	00:42:09			142	26532
2651	00:42:10			142	26533
2652	00:42:11			141	26533
2653	00:42:12			141	26534
2654	00:42:13			141	26534
2655	00:42:14			141	26535
2656	00:42:15			141	26536
2657	00:42:16	7		141	26536
2658	00:42:17	7		141	26537
2659	00:42:18	7		140	26538
2660	00:42:19	7		140	26538
2661	00:42:20	7		140	26540
2662	00:42:21	7		140	26540
2663	00:42:22	7		140	26541
2664	00:42:23	7		140	26541
2665	00:42:24	7		139	26542
2666	00:42:25	7		139	26543
2667	00:42:26	7		139	26544
2668	00:42:27	7		139	26545
2669	00:42:28		1	139	26546
2670	00:42:29		1	139	26547
2671	00:42:30		1	138	26547
2672	00:42331	4		138	26549
2673	00:42532			138	26550
2674	00:42333			138	26550
2675	00:42334			138	26551
2676	00:42335			138	26552
2677	00:42736			137	26553
2678	00:42:37	4	7	137	26554
2679	00:42:38	4		137	26554
2680	00:42:39			137	26555
2681	00:42:40	4		137	26556
2682	00242241			137	26557
2683	00:42:42			136	26557
2684	00:4243			136	26558
2685	00:4244			136	26558
2686	00:42545			136	26559
2687	00:4246	4		136	26560
2688	00:42947			136	26560
2689	00:4248		7	136	26561
2690	00:4249	4		135	26561
2691	00:42750	4		135	26561
2692	00:42:51			135	26562
2693	00:42:52			135	26563
2694	00:42:53			135	26563
2695	00:42:54			135	26564
2696	00:42:55			134	26565
2697	00:42:56	7		134	26565
2698	00:42:57	5		134	26566
2699	00:42:58	5	7	134	26567
2700	00:42:59			134	26568
2701	00:43:00			134	26571
2702	00:43:01			133	26570
2703	00:43:02:			133	26571
2704	00:43:03			133	26572
2705	00:43:04			133	26573
2706	00:43:05		4	133	26575
2707	00:43:06			133	26576
2708	00:43:07			132	26576
2709	00:43:08			132	26577
2710	00:43:09	13	1	132	26578
2711	00:43:10	1		132	26579
2712	00:43:11	1		132	26580
2713	00:43:12	7		132	26580
2714	00:43:13			131	26581
2715	00:43:14			131	26582
2716	00:43:15			131	26582
2717	00:43:16			131	26583
2718	00:43:17			131	26584
2719	00:43:18	7	2	131	26585
2720	00:43:19			130	26585
2721	00:43:20			130	26586
2722	00:43:21			130	26587
2723	00:43:22			130	26588
2724	00:43:23			130	26588
2725	00:43:24			130	26589
2726	00:43:25			129	26589
2727	00:43:26			129	26590
2728	00:43:27			129	26591
2729	00:43:28			129	26591
2730	00:43:29			129	26592
2731	00:43:30			129	26592
2732	00:43:31			128	26593
2733	00:43:32			128	26594
2734	00:43:33			128	26594
2735	00:43:34		1	128	26595
2736	00:43:35			128	26596
2737	00:43:36			128	26597
2738	00:43:37			127	26597
2739	00:43:38			127	26598
2740	00:43:39			127	26597
2741	00:43:40			127	26599
2742	00:43:41		3	127	26599
2743	00:43:42			127	26600
2744	00:43:43			126	26601
2745	00:43:44			126	26602
2746	00:43:45			126	26602
2747	00:43:46			126	26603
2748	00:43:47			126	26604
2749	00:43:48			126	26605
2750	00:43:49			125	26605
2751	00:43:50			125	26606
2752	00:43:51			125	26607
2753	00:43:52			125	26608
2754	00:43:53			125	26609
2755	00:43:54			125	26610
2756	00:43:55			124	26611
2757	00:43:55			124	26611
2758	00:43:57			124	26612
2759	00:43:58	7		124	26613
2760	00:43:59			124	26614
2761	00:44:00	14	1	124	26615
2762	00:44:01			123	26616
2763	00:44:02			123	26617
2764	00:44:02			123	26617
2765	00:44:04			123	26617
2766	00:44:05	7		123	26619
2767	00:44:06			123	26620
2768	00:44:07			122	26621
2769	00:44:08	1		122	26622
2770	00:44:09			122	26622
2771	00:44:10			122	26624
2772	00:44:11			122	26624
2773	00:44:12			122	26625
2774	00:44:13			121	26626
2775	00:44:14			121	26627
2776	00:44:15			121	26627
2777	00:44:16			121	26629
2778	00:44:17			121	26629
2779	00:44:18			121	26630
2780	00:44:19			120	26631
2781	00:44:20			120	26632
2782	00:44:21			120	26633
2783	00:44:22	1		120	26633
2784	00:44:23			120	26634
2785	00:44:24		0	120	26635
2786	00:44:25		3	119	26636
2787	00:44:26			119	26636
2788	00:44:27	1		119	26637
2789	00:44:28			119	26638
2790	00:44:29			119	26638
2791	00:44:30			119	26639
2792	00:44:31			118	26640
2793	00:44:32			118	26640
2794	00:44:33			118	26641
2795	00:44:34			118	26642
2796	00:44:35			118	26642
2797	00:44:36		5	118	26643
2798	00:44:37		5	117	26644
2799	00:44:38		5		26644
2800	00:44:39			117	26645
2801	00:44:40		2	117	26646
2802	00:44:41			117	26646
2803	00:44:42		7	117	26647
2804	00:44:43			116	26647
2805	00:44:44			116	26648
2806	00:44:45			116	26649
2807	00:44:46			116	26650
2808	00:44:47			116	26650
2809	00:44:48		7	116	26651
2810	00:44:49	4		115	26652
2811	00:44:50	3		115	26652
2812	00:44:51			115	26653
2813	00:44:52			115	26654
2814	00:44:53			115	26655
2815	00:44:54			115	26655
2816	00:44:55			114	26656
2817	00:44:56			114	26657
2818	00:44:57			114	26658
2819	00:44:58			114	26658
2820	00:44:59			114	26659
2821	00:45:00		7	114	26660
2822	00:45:01			113	26661
2823	00:45:02			113	26662
2824	00:45:03			113	26663
2825	00:45:04			113	26664
2826	00:45:05			113	26664
2827	00:45:06			113	26665
2828	00:45:07			112	26666
2829	00:45:08			112	26667
2830	00:45:09		7	112	26668
2831	00:45:10			112	26669
2832	00:45:11			112	26670
2833	00:45:12			111	26670
2834	00:45:13			111	26671
2835	00:45:14			111	26672
2836	00:45:15		4	111	26673
2837	00:45:16			111	26673
2838	00:45:17			111	26674
2839	00:45:18			110	26675
2840	00:45:19			110	26676
2841	00:45:20			110	26677
2842	00:45:21			110	26677
2843	00:45:22	7		110	26678
2844	00:45:23		7	110	26679
2845	00:45:24			109	26680
2846	00:45:25			109	26681
2847	00:45:26			109	26682
2848	00:45:27			109	26683
2849	00:45:28		4	109	26683
2850	00:45:29		3	109	26684
2851	00:45:30			108	26685
2852	00:45:31			108	26686
2853	00:45:32			108	26687
2854	00:45:33			108	26687
2855	00:45:34			108	26688
2856	00:45:35			108	26689
2857	00:45:36			107	26690
2858	00:45:37			107	26691
2859	00:45:38			107	26691
2860	00:45:39			107	26695
2861	00:45:40			107	26696
2862	00:45:41		4	107	26697
2863	00:45:42			106	26697
2864	00:45:43			106	26698
2865	00:45:44			106	26699
2866	00:45:45			106	26700
2867	00:45:46	4		106	26700
2868	00:45:47			105	26701
2869	00:45:48			105	26702
2870	00:45:49			105	26702
2871	00:45:50			105	26701
2872	00:45:51			105	26702
2873	00:45:52			105	26702
2874	00:45:53			104	26702
2875	00:45:54			104	26703
2876	00:45:55			104	26704
2877	00:45:56			104	26705
2878	00:45:57			104	26705
2879	00:45:58			104	26706
2880	00:45:59			103	26707
2881	00:46:00			103	26707
2882	00:46:01	7		103	26708
2883	00:46:02			103	26709
2884	00:46:03			103	26710
2885	00:46:04			103	26710
2886	00:46:05			102	26711
2887	00:46:06			102	26712
2888	00:46:07			102	26712
2889	00:46:08			102	26713
2890	00:46:09			102	26714
2891	00:46:10			102	26715
2892	00:46:11			101	26715
2893	00:46:12			101	26716
2894	00:46:13		2	101	26717
2895	00:46:14			101	26718
2896	00:46:15			101	26718
2897	00:46:16			101	26719
2898	00:46:17			100	26720
2899	00:46:18			100	26720
2900	00:46:19			100	26721
2901	00:46:20			100	26722
2902	00:46:21			100	26723
2903	00:46:22			99	26724
2904	00:46:23			99	26724
2905	00:46:24			99	26725
2906	00:46:25		2	99	26726
2907	00:46:26			99	26726
2908	00:46:27			99	26727
2909	00:46:28			99	26728
2910	00:46:29			98	26729
2911	00:46:30			98	26730
2912	00:46:31			98	26731
2913	00:46:32			98	26731
2914	00:46:33			98	26732
2915	00:46:34			97	26733
2916	00:46:35			97	26734
2917	00:46:36			97	26734
2918	00:46:37			97	26735
2919	00:46:38			97	26736
2920	00:46:39			97	26737
2921	00:46:40			96	26737
2922	00:46:41			96	26738
2923	00:46:42			96	26738
2924	00:46:43			96	26739
2925	00:46:44			96	26739
2926	00:46:45			96	26740
2927	00:46:46			95	26740
2928	00:46:47		4	95	26741
2929	00:46:48			95	26741
2930	00:46:49			95	26741
2931	00:46:50			95	26741
2932	00:46:51			94	26742
2933	00:46:52			94	26742
2934	00:46:53			94	26742
2935	00:46:54			94	26742
2936	00:46:55			94	26743
2937	00:46:56			94	26743
2938	00:46:57			93	26743
2939	00:46:58			93	26743
2940	00:46:59			93	26743
2941	00:47:00			93	26743
2942	00:47:01			93	26743
2943	00:47:02			93	26743
2944	00:47:03			92	26743
2945	00:47:04			92	26743
2946	00:47:05		7	92	26743
2947	00:47:06		7	92	26743
2948	00:47:07			92	26743
2949	00:47:08			92	26743
2950	00:47:09			91	26744
2951	00:47:10		7	91	26744
2952	00:47:11			91	26745
2953	00:47:12			91	26745
2954	00:47:13			91	26746
2955	00:47:14			91	26746
2956	00:47:15			90	26747
2957	00:47:16			90	26747
2958	00:47:17			90	26748
2959	00:47:18			90	26748
2960	00:47:19			90	26749
2961	00:47:20			89	26749
2962	00:47:21	4		89	26749
2963	00:47:22			89	26750
2964	00:47:23			89	26750
2965	00:47:24		7	89	26751
2966	00:47:25			89	26751
2967	00:47:26				26752
2968	00:47:27			88	26752
2969	00:47:28				26753
2970	00:47:29				26753
2971	00:47:30				26754
2972	00:47:31				26754
2973	00:47:32		4	87	26755
2974	00:47:33			87	26755
2975	00:47:34	7		87	26756
2976	00:47:35			87	26756
2977	00:47:36			87	26757
2978	00:47:37		7	87	26757
2979	00:47:38			86	26758
2980	00:47:39			86	26758
2981	00:47:40			86	26758
2982	00:47:41			86	26758
2983	00:47:42			86	26759
2984	00:47:43			85	26759
2985	00:47:44			85	26759
2986	00:47:45		4	85	26759
2987	00:47:46	8		85	26759
2988	00:47:47		4	85	26759
2989	00:47:48			85	26758
2990	00:47:49			84	26758
2991	00:47:50			84	26758
2992	00:47:51			84	26758
2993	00:47:52			84	26758
2994	00:47:53		7	84	26758
2995	00:47:54			84	26757
2996	55			83	26757
2997	56			83	26756
2998	7			83	26755
2999	58			83	26753
3000	59	7		83	26752
3001	8:00	7		83	26750
3002	98:01			82	26749
3003	00:48:02			82	26747
3004	00:48:03			82	26746
3005	00:48:04			82	26744
3006	00:48:05			82	26741
3007	00:48:06			82	26737
3008	00:48:07			81	26734
3009	00:48:08		2	81	26730
3010	00:48:09		4	81	26726
3011	00:48:10			81	26722
3012	00:48:11			81	26719
3013	00:48:12			81	26717
3014	00:48:13		7	80	26714
3015	00:48:14			80	26711
3016	48:15			80	26708
3017	48:16		7	80	26705
3018	00:48:17			80	26702
3019	00:48:18			80	26699
3020	00:48:19			79	26697
3021	00:48:20			79	26695
3022	00:48:21			79	26692
3023	00:48:22			79	26690
3024	00:48:23			79	26687
3025	00:48:24		7	79	26685
3026	00:48:25			78	26682
3027	00:48:26			78	26680
3028	00:48:27			78	26679
3029	00:48:28			78	26678
3030	00:48:29			78	26676
3031	00:48:30			78	26673
3032	00:48:31			77	26671
3033	00:48:32			77	26669
3034	00:48:33			77	26668
3035	00:48:34			77	26668
3036	00:48:35			77	26668
3037	00:48:36			77	26661
3038	00:48:37			76	26656
3039	00:48:38			76	26653
3040	00:48:39			76	26649
3041	00:48:40			76	26644
3042	00:48:41			76	26638
3043	00:48:42			76	26633
3044	00:48:43			75	26627
3045	00:48:44			75	26621
3046	00:48:45			75	26615
3047	00:48:46			75	26607
3048	00:48:47			75	26600
3049	00:48:48			75	26592
3050	00:48:49			74	26583
3051	00:48:50			74	26574
3052	00:48:51			74	26565
3053	00:48:52			74	26556
3054	00:48:53			74	26549
3055	00:48:54			74	26542
3056	00:48:55			73	26534
3057	00:48:56			73	26528
3058	00:48:57			73	26528
3059	00:48:58			73	26528
3060	00:48:59			73	26528
3061	00:49:00		7	73	26528
3062	00:49:01			73	26483
3063	00:49:02			72	26467
3064	00:49:03			72	26458
3065	00:49:04			72	26449
3066	00:49:05			72	26440
3067	00:49:06			72	26428
3068	00:49:07			71	26416
3069	00:49:08			71	26406
3070	00:49:09			71	26398
3071	00:49:10			71	26390
3072	00:49:11			71	26381
3073	00:49:12			70	26372
3074	00:49:13			70	26367
3075	00:49:13			70	26358
3076	00:49:15			70	26346
3077	00:49:16			70	26330
3078	00:49:17			69	26319
3079	00:49:18			69	26309
3080	00:49:19			69	26298
3081	00:49:20			69	26290
3082	00:49:21			69	26289
3083	00:49:22			68	26256
3084	00:49:23			68	26240
3085	00:49:24			70	26327
3086	00:49:25			68	26205
3087	00:49:26			68	26180
3088	00:49:27			67	26156
3089	00:49:28			67	26143
3090	00:49:29			67	26142
3091	00:49:30			67	26142
3092	00:49:31			67	26049
3093	00:49:32		7	66	25987
3094	00:49:33		7	66	25936
3095	00:49:34			66	25896
3096	00:49:35		7	65	25857
3097	00:49:36			65	25819
3098	00:49:37			65	25777
3099	00:49:38			65	25734
3100	00:49:39			65	25724
3101	00:49:40		7	65	25724
3102	00:49:41			65	25724
3103	00:49:42	7		65	25724
3104	00:49:43		7	65	25724
3105	00:49:44			65	25724
3106	00:49:45			65	25724
3107	00:49:46			65	25724
3108	00:49:47			65	
3109	00:49:48			65	25724
3110	00:49:49			65	25724
3111	00:49:50			65	25724
3112	00:49:51			65	25724
3113	00:49:52			65	
3114	00:49:53			65	25724
3115	00:49:54			65	25724
3116	00:49:55			65	25724
3117	00:49:56			65	25724
3118	00:49:57			65	25724
3119	00:49:58			65	25724
3120	00:49:59			65	25724
3121	00:50:00			65	25724
3122	00:50:01			65	25724
3123	00:50:02			65	25724
3124	00:50:03			65	25724
3125	00:50:04			65	25724
3126	00:50:05			65	25724
3127	00:50:06			65	25724
3128	00:50:07			65	25724
3129	00:50:08			65	25724
3130	00:50:09			65	25724
3131	00:50:10			65	25724
3132	00:50:11			65	25724
3133	00:50:12	4		65	25724
3134	00:50:13			65	25724
3135	00:50:14			65	25724
3136	00:50:15	4		65	25724
3137	00:50:16			65	25724
3138	00:50:17			65	25724
3139	00:50:18			65	25724
3140	00:50:19			65	25724
3141	00:50:20			65	25708
3142	00:50:21			65	25707
3143	00:50:22		4	65	25707
3144	00:50:23			65	25707
3145	00:50:24			65	25707
3146	00:50:25			65	25707
3147	00:50:26			65	25707
3148	00:50:27			65	25707
3149	00:50:28			65	
3150	00:50:29	7		65	
3151	00:50:30	7		65	
3152	00:50:31	7		65	
3153	00:50:32			65	
3154	00:50:33			65	
3155	00:50:34			65	
3156	00:50:35			65	
3157	00:50:36			65	
3158	00:50:37		7	65	
3159	00:50:38			65	
3160	00:50:39			65	
3161	00:50:40			65	
3162	00:50:41			65	
3163	00:50:42			65	
3164	00:50:43			65	25707
3165	00:50:44		7	65	
3166	00:50:45			65	25707
3167	00:50:46			65	
3168	00:50:47			65	
3169	00:50:48			65	
3170	00:50:49			65	
3171	00:50:50			65	
3172	00:50:51			65	25707
3173	00:50:52	7		65	25707
3174	00:50:53	7		65	
3175	00:50:54	7		65	25707
3176	00:50:55			65	
3177	00:50:56			65	
3178	00:50:57	7		65	25707
3179	00:50:58	7		65	
3180	00:50:59	7		65	
3181	00:51:00			65	25707
3182	00:51:01	7		65	
3183	00:51:02			65	25707
3184	00:51:03			65	25707
3185	00:51:04			65	25707
3186	00:51:05			65	25707
3187	00:51:06			65	25707
3188	00:51:07	7		65	25707
